10
XXS 0.00 348.09 814.71 707.24 448.56 24.02 498.90 282.51 -1.0 256.32 
TUS 126.64 0.00 78.13 -1.0 879.08 -1.0 405.14 38.55 408.78 263.87 
KOI 804.81 671.09 0.00 676.53 81.65 -1.0 961.39 -1.0 105.20 291.76 
KMF 808.18 833.14 6.06 0.00 -1.0 632.52 696.99 611.82 679.12 708.31 
LWR 594.46 -1.0 33.06 -1.0 0.00 608.43 38.60 -1.0 441.00 376.41 
XUS 973.81 761.69 275.52 761.45 757.11 0.00 198.50 -1.0 292.67 410.91 
FKN 774.10 -1.0 216.37 490.92 999.68 943.66 0.00 -1.0 888.98 655.50 
KHW 634.52 200.03 204.02 -1.0 -1.0 -1.0 317.99 0.00 743.31 -1.0 
PVS 237.27 806.48 888.99 689.64 171.55 224.77 869.56 131.50 0.00 838.03 
FEN 15.44 680.91 684.13 -1.0 -1.0 172.16 79.59 449.93 156.75 0.00