10
DIF 0.00 -1.0 -1.0 -1.0 -1.0 -1.0 -1.0 -1.0 -1.0 -1.0 
UVD -1.0 0.00 -1.0 979.17 -1.0 -1.0 -1.0 -1.0 -1.0 463.34 
FYE 876.19 -1.0 0.00 -1.0 -1.0 -1.0 -1.0 481.66 849.68 -1.0 
EAQ -1.0 -1.0 -1.0 0.00 -1.0 35.46 -1.0 -1.0 -1.0 -1.0 
CLN -1.0 -1.0 -1.0 -1.0 0.00 -1.0 -1.0 -1.0 -1.0 -1.0 
IOZ -1.0 -1.0 132.19 706.47 -1.0 0.00 -1.0 -1.0 -1.0 -1.0 
BYB -1.0 454.69 -1.0 -1.0 -1.0 656.07 0.00 -1.0 -1.0 713.90 
WDG -1.0 639.41 -1.0 154.94 -1.0 -1.0 -1.0 0.00 -1.0 554.12 
SMF -1.0 294.06 -1.0 -1.0 -1.0 -1.0 -1.0 -1.0 0.00 -1.0 
ELF -1.0 95.75 38.87 -1.0 -1.0 532.22 -1.0 877.88 965.35 0.00