100
FZT 0.00 -1.0 -1.0 -1.0 178.76 -1.0 -1.0 -1.0 -1.0 -1.0 -1.0 -1.0 -1.0 -1.0 -1.0 -1.0 -1.0 -1.0 -1.0 -1.0 -1.0 -1.0 -1.0 -1.0 215.84 -1.0 -1.0 -1.0 -1.0 375.00 -1.0 -1.0 -1.0 -1.0 -1.0 -1.0 -1.0 -1.0 -1.0 -1.0 385.37 -1.0 -1.0 -1.0 -1.0 -1.0 -1.0 -1.0 830.39 -1.0 -1.0 736.15 -1.0 817.39 -1.0 -1.0 -1.0 -1.0 -1.0 -1.0 -1.0 904.80 -1.0 -1.0 784.16 -1.0 325.86 -1.0 -1.0 33.72 60.51 -1.0 428.50 763.16 -1.0 -1.0 -1.0 -1.0 883.47 346.46 -1.0 -1.0 -1.0 -1.0 362.10 -1.0 -1.0 -1.0 -1.0 -1.0 -1.0 459.29 -1.0 -1.0 -1.0 -1.0 -1.0 -1.0 713.38 -1.0 
RIW -1.0 0.00 141.25 -1.0 280.82 -1.0 -1.0 -1.0 -1.0 250.73 -1.0 -1.0 -1.0 -1.0 883.47 -1.0 -1.0 -1.0 -1.0 -1.0 129.32 30.15 -1.0 -1.0 -1.0 797.09 -1.0 -1.0 -1.0 496.84 -1.0 -1.0 -1.0 -1.0 -1.0 -1.0 -1.0 -1.0 648.92 -1.0 -1.0 -1.0 87.09 -1.0 -1.0 146.81 -1.0 -1.0 -1.0 184.70 394.03 -1.0 -1.0 -1.0 -1.0 -1.0 45.60 441.05 -1.0 -1.0 -1.0 -1.0 -1.0 -1.0 -1.0 -1.0 274.40 8.43 -1.0 -1.0 -1.0 -1.0 -1.0 -1.0 -1.0 -1.0 -1.0 -1.0 -1.0 -1.0 -1.0 -1.0 -1.0 -1.0 -1.0 -1.0 -1.0 -1.0 472.62 -1.0 -1.0 -1.0 434.01 -1.0 -1.0 -1.0 -1.0 731.04 -1.0 -1.0 
SCU -1.0 -1.0 0.00 -1.0 -1.0 -1.0 -1.0 -1.0 -1.0 -1.0 -1.0 -1.0 -1.0 -1.0 -1.0 -1.0 485.81 -1.0 -1.0 -1.0 -1.0 -1.0 -1.0 106.41 -1.0 77.41 -1.0 -1.0 -1.0 -1.0 64.13 -1.0 676.34 -1.0 -1.0 -1.0 -1.0 -1.0 -1.0 -1.0 -1.0 245.88 335.48 -1.0 -1.0 124.40 -1.0 -1.0 -1.0 203.13 -1.0 -1.0 -1.0 -1.0 -1.0 -1.0 -1.0 -1.0 -1.0 273.39 -1.0 -1.0 -1.0 -1.0 -1.0 -1.0 -1.0 -1.0 196.50 -1.0 -1.0 -1.0 264.22 -1.0 -1.0 -1.0 -1.0 -1.0 -1.0 -1.0 -1.0 -1.0 323.64 754.85 -1.0 -1.0 -1.0 -1.0 88.20 -1.0 -1.0 -1.0 -1.0 -1.0 -1.0 -1.0 -1.0 -1.0 107.01 -1.0 
XVE -1.0 -1.0 -1.0 0.00 -1.0 -1.0 -1.0 -1.0 -1.0 306.28 451.94 -1.0 -1.0 -1.0 -1.0 -1.0 -1.0 -1.0 515.47 -1.0 -1.0 848.45 -1.0 -1.0 -1.0 -1.0 -1.0 361.83 -1.0 -1.0 -1.0 903.71 -1.0 -1.0 -1.0 -1.0 -1.0 -1.0 -1.0 -1.0 -1.0 -1.0 -1.0 -1.0 -1.0 -1.0 -1.0 987.60 -1.0 931.28 -1.0 -1.0 -1.0 -1.0 -1.0 -1.0 -1.0 -1.0 -1.0 -1.0 -1.0 -1.0 482.94 -1.0 997.13 -1.0 -1.0 -1.0 -1.0 -1.0 -1.0 -1.0 -1.0 -1.0 -1.0 61.36 -1.0 -1.0 824.28 -1.0 -1.0 -1.0 -1.0 -1.0 42.00 -1.0 -1.0 -1.0 -1.0 -1.0 -1.0 -1.0 -1.0 423.59 -1.0 -1.0 -1.0 -1.0 -1.0 -1.0 
NRM -1.0 -1.0 -1.0 -1.0 0.00 -1.0 -1.0 -1.0 -1.0 -1.0 -1.0 -1.0 -1.0 -1.0 390.47 -1.0 556.89 -1.0 -1.0 -1.0 -1.0 -1.0 843.34 -1.0 -1.0 -1.0 -1.0 -1.0 -1.0 135.62 -1.0 -1.0 -1.0 -1.0 -1.0 -1.0 -1.0 -1.0 -1.0 -1.0 -1.0 -1.0 -1.0 778.18 -1.0 -1.0 -1.0 -1.0 -1.0 714.69 363.15 -1.0 109.85 144.35 -1.0 -1.0 -1.0 -1.0 -1.0 -1.0 560.21 905.14 -1.0 -1.0 -1.0 -1.0 45.35 -1.0 -1.0 -1.0 781.30 -1.0 -1.0 982.27 -1.0 -1.0 214.28 -1.0 -1.0 -1.0 -1.0 -1.0 -1.0 381.93 -1.0 -1.0 -1.0 -1.0 -1.0 342.70 685.30 893.86 -1.0 -1.0 -1.0 -1.0 -1.0 -1.0 -1.0 772.66 
NRQ -1.0 -1.0 -1.0 2.88 -1.0 0.00 808.62 -1.0 -1.0 996.40 -1.0 -1.0 -1.0 -1.0 -1.0 -1.0 -1.0 -1.0 -1.0 118.16 -1.0 -1.0 -1.0 397.53 177.43 561.21 -1.0 -1.0 -1.0 -1.0 -1.0 -1.0 -1.0 -1.0 -1.0 -1.0 -1.0 -1.0 -1.0 -1.0 -1.0 -1.0 -1.0 -1.0 -1.0 991.77 655.22 -1.0 -1.0 812.00 -1.0 -1.0 -1.0 818.97 -1.0 465.67 -1.0 561.32 -1.0 433.54 761.75 -1.0 -1.0 -1.0 -1.0 541.80 -1.0 -1.0 828.23 78.33 -1.0 -1.0 -1.0 -1.0 -1.0 -1.0 -1.0 -1.0 -1.0 908.33 -1.0 711.25 -1.0 -1.0 169.38 -1.0 -1.0 514.10 233.87 -1.0 -1.0 -1.0 -1.0 -1.0 -1.0 -1.0 -1.0 -1.0 805.15 -1.0 
EYE 663.77 -1.0 -1.0 -1.0 -1.0 -1.0 0.00 -1.0 -1.0 -1.0 -1.0 899.45 985.35 -1.0 -1.0 -1.0 988.55 -1.0 183.15 -1.0 26.34 -1.0 -1.0 -1.0 924.98 -1.0 -1.0 -1.0 -1.0 -1.0 693.97 -1.0 -1.0 162.42 -1.0 -1.0 -1.0 -1.0 607.68 -1.0 -1.0 -1.0 -1.0 -1.0 -1.0 -1.0 -1.0 -1.0 814.90 -1.0 -1.0 644.44 -1.0 -1.0 386.42 -1.0 -1.0 -1.0 -1.0 -1.0 -1.0 -1.0 -1.0 -1.0 -1.0 -1.0 791.14 -1.0 -1.0 -1.0 -1.0 -1.0 898.01 -1.0 -1.0 -1.0 -1.0 410.52 -1.0 -1.0 -1.0 -1.0 -1.0 -1.0 -1.0 -1.0 -1.0 827.43 -1.0 -1.0 -1.0 -1.0 -1.0 -1.0 -1.0 -1.0 -1.0 -1.0 -1.0 780.63 
NBF -1.0 -1.0 -1.0 -1.0 -1.0 995.75 -1.0 0.00 -1.0 -1.0 -1.0 -1.0 -1.0 804.54 -1.0 439.18 -1.0 -1.0 -1.0 -1.0 -1.0 -1.0 -1.0 -1.0 952.23 501.98 753.51 -1.0 -1.0 -1.0 -1.0 713.32 146.66 91.60 -1.0 480.51 -1.0 -1.0 -1.0 -1.0 -1.0 -1.0 654.44 -1.0 -1.0 -1.0 -1.0 -1.0 -1.0 -1.0 -1.0 -1.0 -1.0 -1.0 372.92 -1.0 -1.0 -1.0 -1.0 -1.0 415.84 -1.0 -1.0 -1.0 -1.0 -1.0 -1.0 -1.0 -1.0 -1.0 -1.0 -1.0 -1.0 -1.0 -1.0 -1.0 579.76 -1.0 -1.0 -1.0 404.34 -1.0 971.52 252.06 -1.0 -1.0 -1.0 -1.0 -1.0 -1.0 384.71 740.49 -1.0 -1.0 345.73 44.25 -1.0 -1.0 -1.0 294.64 
WLJ 675.26 -1.0 756.15 847.38 -1.0 -1.0 798.94 -1.0 0.00 -1.0 -1.0 -1.0 -1.0 182.17 -1.0 -1.0 865.77 -1.0 563.76 -1.0 972.58 -1.0 -1.0 616.29 -1.0 -1.0 -1.0 -1.0 -1.0 -1.0 -1.0 -1.0 907.98 916.31 -1.0 574.42 -1.0 -1.0 -1.0 -1.0 -1.0 58.26 -1.0 396.19 -1.0 368.51 -1.0 678.58 -1.0 -1.0 267.44 728.42 -1.0 76.42 222.06 -1.0 -1.0 321.50 -1.0 -1.0 -1.0 -1.0 -1.0 346.99 -1.0 970.61 -1.0 524.38 151.53 -1.0 -1.0 -1.0 558.40 -1.0 -1.0 -1.0 812.62 -1.0 -1.0 -1.0 -1.0 -1.0 237.33 -1.0 -1.0 -1.0 -1.0 -1.0 -1.0 -1.0 -1.0 -1.0 -1.0 -1.0 -1.0 -1.0 -1.0 931.96 -1.0 -1.0 
YPL -1.0 -1.0 -1.0 -1.0 -1.0 -1.0 -1.0 -1.0 637.97 0.00 -1.0 59.39 -1.0 -1.0 -1.0 -1.0 970.12 -1.0 -1.0 -1.0 -1.0 -1.0 -1.0 -1.0 726.79 -1.0 -1.0 -1.0 650.60 -1.0 -1.0 119.19 -1.0 -1.0 -1.0 -1.0 -1.0 -1.0 -1.0 70.76 -1.0 -1.0 513.05 -1.0 -1.0 -1.0 -1.0 -1.0 -1.0 616.80 742.51 -1.0 -1.0 -1.0 -1.0 598.40 -1.0 304.75 -1.0 146.80 -1.0 -1.0 -1.0 932.42 -1.0 330.08 341.39 -1.0 -1.0 -1.0 -1.0 217.44 -1.0 -1.0 343.17 544.31 467.74 -1.0 -1.0 -1.0 -1.0 -1.0 -1.0 -1.0 552.50 -1.0 -1.0 -1.0 -1.0 -1.0 -1.0 -1.0 -1.0 -1.0 -1.0 -1.0 -1.0 -1.0 -1.0 -1.0 
VJO -1.0 -1.0 -1.0 -1.0 -1.0 -1.0 902.38 -1.0 -1.0 778.36 0.00 -1.0 -1.0 -1.0 -1.0 -1.0 -1.0 -1.0 -1.0 705.56 -1.0 241.06 -1.0 -1.0 -1.0 81.34 -1.0 756.95 -1.0 491.82 187.14 -1.0 -1.0 -1.0 -1.0 -1.0 -1.0 -1.0 746.42 -1.0 -1.0 -1.0 -1.0 -1.0 -1.0 -1.0 -1.0 622.87 255.91 396.01 -1.0 -1.0 -1.0 860.65 -1.0 -1.0 -1.0 -1.0 -1.0 -1.0 -1.0 -1.0 -1.0 -1.0 -1.0 -1.0 -1.0 -1.0 956.16 568.26 -1.0 -1.0 219.89 -1.0 652.66 -1.0 -1.0 196.24 -1.0 -1.0 -1.0 -1.0 -1.0 -1.0 -1.0 660.25 -1.0 -1.0 -1.0 -1.0 -1.0 458.55 -1.0 -1.0 -1.0 -1.0 -1.0 648.74 -1.0 -1.0 
WTW -1.0 -1.0 388.86 -1.0 -1.0 -1.0 -1.0 -1.0 -1.0 507.60 -1.0 0.00 -1.0 -1.0 326.63 -1.0 -1.0 -1.0 -1.0 -1.0 968.72 -1.0 -1.0 -1.0 -1.0 281.07 -1.0 638.13 -1.0 600.44 -1.0 -1.0 -1.0 -1.0 -1.0 -1.0 -1.0 822.51 -1.0 -1.0 -1.0 515.31 -1.0 594.50 -1.0 52.99 -1.0 213.60 -1.0 -1.0 683.27 -1.0 -1.0 -1.0 116.99 -1.0 -1.0 -1.0 -1.0 -1.0 108.84 -1.0 -1.0 -1.0 -1.0 -1.0 -1.0 -1.0 452.40 460.93 855.30 -1.0 -1.0 -1.0 -1.0 -1.0 -1.0 -1.0 219.57 714.68 839.04 -1.0 -1.0 -1.0 -1.0 -1.0 -1.0 -1.0 570.35 -1.0 -1.0 -1.0 76.12 -1.0 -1.0 -1.0 -1.0 -1.0 -1.0 -1.0 
IYP -1.0 -1.0 -1.0 -1.0 159.38 -1.0 -1.0 -1.0 -1.0 -1.0 -1.0 682.11 0.00 -1.0 -1.0 363.75 -1.0 -1.0 -1.0 -1.0 -1.0 -1.0 -1.0 270.44 -1.0 -1.0 -1.0 973.99 -1.0 -1.0 -1.0 -1.0 -1.0 -1.0 -1.0 -1.0 990.80 -1.0 -1.0 -1.0 -1.0 -1.0 226.96 -1.0 -1.0 -1.0 -1.0 -1.0 -1.0 -1.0 -1.0 -1.0 -1.0 -1.0 -1.0 -1.0 -1.0 -1.0 -1.0 -1.0 -1.0 -1.0 932.18 108.63 224.24 -1.0 238.78 -1.0 -1.0 -1.0 -1.0 -1.0 -1.0 -1.0 579.79 -1.0 891.65 -1.0 -1.0 -1.0 665.57 97.49 -1.0 -1.0 150.25 590.99 571.57 -1.0 -1.0 208.51 -1.0 -1.0 -1.0 -1.0 -1.0 -1.0 828.24 -1.0 238.89 -1.0 
AQV -1.0 -1.0 -1.0 223.36 -1.0 -1.0 -1.0 -1.0 -1.0 -1.0 -1.0 -1.0 -1.0 0.00 -1.0 -1.0 -1.0 -1.0 592.64 552.81 999.20 -1.0 -1.0 772.10 -1.0 -1.0 -1.0 -1.0 -1.0 -1.0 -1.0 -1.0 -1.0 -1.0 871.57 322.80 837.53 -1.0 -1.0 -1.0 -1.0 -1.0 -1.0 -1.0 -1.0 -1.0 -1.0 -1.0 -1.0 -1.0 520.04 -1.0 -1.0 -1.0 944.63 -1.0 -1.0 -1.0 -1.0 -1.0 -1.0 567.63 -1.0 678.92 441.09 -1.0 110.19 -1.0 -1.0 -1.0 -1.0 329.72 -1.0 996.00 -1.0 -1.0 -1.0 -1.0 -1.0 498.93 -1.0 -1.0 -1.0 -1.0 482.13 -1.0 -1.0 9.29 754.04 -1.0 -1.0 -1.0 -1.0 -1.0 -1.0 -1.0 -1.0 913.50 -1.0 -1.0 
RBV -1.0 -1.0 -1.0 -1.0 -1.0 -1.0 -1.0 -1.0 -1.0 23.67 -1.0 -1.0 -1.0 -1.0 0.00 -1.0 -1.0 690.31 -1.0 52.23 -1.0 -1.0 121.87 995.17 -1.0 -1.0 927.68 -1.0 -1.0 -1.0 -1.0 65.84 347.51 -1.0 -1.0 -1.0 -1.0 242.83 -1.0 -1.0 -1.0 -1.0 -1.0 -1.0 -1.0 -1.0 -1.0 -1.0 -1.0 -1.0 546.33 -1.0 -1.0 -1.0 966.47 -1.0 -1.0 -1.0 -1.0 -1.0 -1.0 -1.0 -1.0 200.30 -1.0 -1.0 -1.0 -1.0 -1.0 573.17 511.78 509.34 -1.0 543.12 -1.0 -1.0 837.54 -1.0 -1.0 -1.0 -1.0 -1.0 560.34 -1.0 222.44 -1.0 -1.0 -1.0 -1.0 103.19 748.39 -1.0 -1.0 -1.0 -1.0 73.33 -1.0 -1.0 -1.0 -1.0 
KUX 487.08 -1.0 308.85 -1.0 -1.0 -1.0 -1.0 -1.0 -1.0 298.12 -1.0 808.79 -1.0 -1.0 -1.0 0.00 -1.0 550.06 -1.0 -1.0 -1.0 48.83 856.55 -1.0 -1.0 -1.0 -1.0 -1.0 518.05 -1.0 166.96 -1.0 951.02 -1.0 -1.0 -1.0 228.50 -1.0 -1.0 -1.0 -1.0 -1.0 -1.0 775.58 262.25 -1.0 -1.0 -1.0 -1.0 -1.0 635.04 -1.0 -1.0 -1.0 -1.0 -1.0 9.60 -1.0 -1.0 -1.0 306.99 -1.0 -1.0 302.41 -1.0 -1.0 -1.0 -1.0 -1.0 -1.0 -1.0 -1.0 -1.0 -1.0 -1.0 -1.0 -1.0 677.07 -1.0 -1.0 -1.0 -1.0 -1.0 -1.0 -1.0 -1.0 -1.0 -1.0 157.84 187.67 -1.0 -1.0 -1.0 -1.0 -1.0 -1.0 -1.0 -1.0 -1.0 368.09 
HGM -1.0 -1.0 -1.0 219.93 -1.0 -1.0 -1.0 -1.0 -1.0 719.62 -1.0 -1.0 -1.0 -1.0 552.87 -1.0 0.00 -1.0 -1.0 -1.0 -1.0 -1.0 -1.0 -1.0 -1.0 489.10 -1.0 -1.0 -1.0 193.79 -1.0 -1.0 843.80 -1.0 -1.0 393.28 403.52 -1.0 -1.0 -1.0 437.78 -1.0 510.33 -1.0 955.78 -1.0 -1.0 -1.0 -1.0 -1.0 -1.0 -1.0 -1.0 -1.0 -1.0 -1.0 -1.0 -1.0 107.31 -1.0 -1.0 -1.0 805.34 911.79 -1.0 -1.0 -1.0 -1.0 -1.0 -1.0 -1.0 -1.0 -1.0 -1.0 -1.0 -1.0 -1.0 -1.0 -1.0 -1.0 -1.0 653.63 -1.0 -1.0 -1.0 -1.0 -1.0 -1.0 -1.0 -1.0 654.13 807.58 -1.0 812.41 -1.0 -1.0 629.89 -1.0 -1.0 -1.0 
ZKB -1.0 -1.0 643.09 -1.0 -1.0 -1.0 -1.0 -1.0 -1.0 -1.0 -1.0 -1.0 -1.0 -1.0 -1.0 -1.0 -1.0 0.00 -1.0 -1.0 -1.0 -1.0 -1.0 529.27 -1.0 -1.0 -1.0 -1.0 524.27 -1.0 -1.0 -1.0 -1.0 -1.0 618.04 324.74 -1.0 -1.0 420.55 -1.0 -1.0 -1.0 -1.0 966.03 -1.0 -1.0 -1.0 -1.0 -1.0 857.50 -1.0 -1.0 910.38 957.58 895.91 522.93 333.41 -1.0 -1.0 -1.0 -1.0 -1.0 -1.0 998.93 -1.0 721.27 -1.0 -1.0 -1.0 15.48 121.96 -1.0 -1.0 -1.0 -1.0 788.64 -1.0 -1.0 -1.0 -1.0 -1.0 -1.0 -1.0 900.96 -1.0 569.68 289.99 -1.0 410.05 -1.0 -1.0 -1.0 -1.0 -1.0 160.08 -1.0 -1.0 113.39 -1.0 453.13 
OEI -1.0 420.86 -1.0 207.28 -1.0 -1.0 -1.0 -1.0 -1.0 -1.0 -1.0 -1.0 690.40 -1.0 -1.0 -1.0 -1.0 -1.0 0.00 -1.0 -1.0 -1.0 -1.0 328.08 -1.0 -1.0 -1.0 -1.0 -1.0 2.72 -1.0 -1.0 301.37 -1.0 -1.0 -1.0 -1.0 -1.0 -1.0 -1.0 -1.0 -1.0 3.94 -1.0 -1.0 -1.0 -1.0 -1.0 -1.0 -1.0 -1.0 -1.0 -1.0 866.80 -1.0 262.93 -1.0 -1.0 -1.0 -1.0 -1.0 -1.0 -1.0 202.98 -1.0 -1.0 -1.0 64.62 -1.0 -1.0 -1.0 -1.0 -1.0 -1.0 -1.0 -1.0 -1.0 -1.0 -1.0 -1.0 -1.0 -1.0 52.56 119.17 -1.0 -1.0 -1.0 -1.0 -1.0 -1.0 814.10 -1.0 -1.0 -1.0 602.33 -1.0 -1.0 -1.0 -1.0 150.29 
WMH -1.0 -1.0 224.36 -1.0 -1.0 -1.0 -1.0 463.91 -1.0 -1.0 -1.0 -1.0 -1.0 -1.0 -1.0 -1.0 -1.0 -1.0 -1.0 0.00 474.74 -1.0 -1.0 -1.0 -1.0 -1.0 -1.0 301.95 -1.0 -1.0 -1.0 -1.0 -1.0 -1.0 -1.0 -1.0 -1.0 -1.0 793.12 -1.0 595.48 -1.0 -1.0 -1.0 -1.0 -1.0 -1.0 -1.0 692.25 -1.0 -1.0 -1.0 351.43 803.07 392.38 -1.0 -1.0 -1.0 -1.0 -1.0 -1.0 313.96 -1.0 -1.0 -1.0 751.09 -1.0 -1.0 -1.0 -1.0 -1.0 -1.0 -1.0 -1.0 -1.0 -1.0 -1.0 956.47 812.36 -1.0 -1.0 -1.0 -1.0 -1.0 -1.0 -1.0 -1.0 -1.0 773.76 -1.0 -1.0 -1.0 -1.0 -1.0 -1.0 -1.0 -1.0 -1.0 -1.0 -1.0 
FCO -1.0 682.31 695.78 907.42 -1.0 -1.0 -1.0 -1.0 -1.0 -1.0 -1.0 461.32 786.84 -1.0 789.68 -1.0 668.69 -1.0 301.94 -1.0 0.00 -1.0 -1.0 -1.0 -1.0 -1.0 170.48 -1.0 -1.0 -1.0 -1.0 526.29 -1.0 140.89 -1.0 247.11 -1.0 -1.0 -1.0 308.69 -1.0 -1.0 -1.0 -1.0 -1.0 604.42 691.53 -1.0 -1.0 594.81 -1.0 -1.0 -1.0 -1.0 -1.0 -1.0 -1.0 -1.0 -1.0 -1.0 -1.0 608.91 603.68 920.73 -1.0 -1.0 -1.0 419.00 -1.0 -1.0 -1.0 -1.0 -1.0 -1.0 -1.0 -1.0 -1.0 -1.0 -1.0 -1.0 -1.0 84.85 -1.0 -1.0 -1.0 -1.0 -1.0 -1.0 999.58 -1.0 73.83 832.49 -1.0 -1.0 -1.0 -1.0 372.95 -1.0 -1.0 -1.0 
LXA -1.0 -1.0 -1.0 -1.0 -1.0 -1.0 -1.0 89.52 -1.0 -1.0 -1.0 571.69 -1.0 -1.0 -1.0 -1.0 -1.0 -1.0 254.23 -1.0 -1.0 0.00 -1.0 -1.0 -1.0 601.71 146.84 -1.0 319.88 241.76 -1.0 -1.0 -1.0 -1.0 -1.0 -1.0 -1.0 -1.0 -1.0 -1.0 -1.0 -1.0 -1.0 227.99 -1.0 -1.0 -1.0 -1.0 -1.0 -1.0 14.09 -1.0 -1.0 -1.0 -1.0 -1.0 -1.0 -1.0 -1.0 911.31 -1.0 938.02 -1.0 -1.0 -1.0 -1.0 -1.0 106.57 -1.0 -1.0 943.87 -1.0 557.71 -1.0 857.61 -1.0 -1.0 -1.0 -1.0 -1.0 850.54 216.38 -1.0 -1.0 -1.0 515.20 -1.0 127.66 -1.0 624.92 -1.0 -1.0 -1.0 -1.0 29.86 -1.0 -1.0 -1.0 -1.0 598.74 
IAM -1.0 -1.0 -1.0 -1.0 -1.0 -1.0 -1.0 -1.0 -1.0 -1.0 -1.0 -1.0 -1.0 -1.0 -1.0 709.31 -1.0 -1.0 -1.0 -1.0 -1.0 150.17 0.00 407.36 -1.0 -1.0 -1.0 -1.0 -1.0 -1.0 -1.0 -1.0 -1.0 -1.0 -1.0 -1.0 -1.0 -1.0 271.46 787.49 -1.0 -1.0 602.76 529.87 -1.0 -1.0 -1.0 -1.0 -1.0 -1.0 -1.0 -1.0 -1.0 -1.0 -1.0 -1.0 -1.0 -1.0 -1.0 -1.0 -1.0 -1.0 -1.0 379.59 -1.0 -1.0 -1.0 913.46 -1.0 -1.0 101.11 268.32 167.39 -1.0 -1.0 -1.0 -1.0 818.16 -1.0 -1.0 -1.0 114.11 -1.0 -1.0 -1.0 -1.0 -1.0 -1.0 -1.0 703.91 -1.0 -1.0 -1.0 -1.0 -1.0 850.80 -1.0 -1.0 459.46 -1.0 
FTI -1.0 -1.0 -1.0 -1.0 -1.0 -1.0 644.43 -1.0 -1.0 387.75 -1.0 920.64 -1.0 -1.0 -1.0 -1.0 -1.0 -1.0 -1.0 -1.0 -1.0 -1.0 -1.0 0.00 260.03 -1.0 354.07 -1.0 -1.0 -1.0 -1.0 -1.0 -1.0 -1.0 -1.0 -1.0 -1.0 423.30 -1.0 -1.0 -1.0 320.81 -1.0 -1.0 -1.0 -1.0 -1.0 501.08 57.51 -1.0 -1.0 -1.0 -1.0 -1.0 -1.0 -1.0 -1.0 -1.0 -1.0 -1.0 -1.0 395.87 -1.0 122.41 -1.0 821.56 -1.0 -1.0 -1.0 630.71 -1.0 -1.0 -1.0 -1.0 -1.0 -1.0 -1.0 981.36 410.95 -1.0 -1.0 -1.0 -1.0 -1.0 -1.0 -1.0 -1.0 -1.0 -1.0 -1.0 -1.0 335.90 -1.0 -1.0 -1.0 -1.0 -1.0 -1.0 -1.0 -1.0 
KEW 376.01 -1.0 -1.0 -1.0 -1.0 -1.0 -1.0 -1.0 -1.0 -1.0 -1.0 -1.0 -1.0 -1.0 -1.0 28.94 -1.0 -1.0 -1.0 -1.0 -1.0 -1.0 -1.0 767.31 0.00 223.35 -1.0 286.52 -1.0 -1.0 -1.0 181.55 -1.0 -1.0 806.84 -1.0 -1.0 622.75 -1.0 -1.0 98.64 -1.0 -1.0 -1.0 -1.0 -1.0 670.08 -1.0 -1.0 -1.0 687.05 -1.0 -1.0 328.12 -1.0 -1.0 -1.0 -1.0 -1.0 -1.0 -1.0 873.53 209.71 852.14 -1.0 -1.0 -1.0 11.72 -1.0 -1.0 -1.0 -1.0 -1.0 -1.0 -1.0 -1.0 -1.0 -1.0 -1.0 842.05 -1.0 -1.0 -1.0 848.92 175.56 -1.0 -1.0 -1.0 -1.0 852.77 -1.0 763.79 -1.0 -1.0 560.84 -1.0 -1.0 196.15 433.25 165.76 
DHA -1.0 -1.0 -1.0 -1.0 -1.0 -1.0 -1.0 -1.0 212.57 -1.0 -1.0 978.21 -1.0 -1.0 -1.0 -1.0 -1.0 -1.0 -1.0 -1.0 -1.0 -1.0 -1.0 -1.0 -1.0 0.00 -1.0 -1.0 -1.0 -1.0 -1.0 -1.0 -1.0 -1.0 -1.0 -1.0 -1.0 -1.0 -1.0 -1.0 -1.0 -1.0 -1.0 -1.0 -1.0 541.62 -1.0 -1.0 -1.0 469.75 6.16 -1.0 -1.0 -1.0 -1.0 -1.0 -1.0 -1.0 -1.0 -1.0 -1.0 -1.0 -1.0 -1.0 -1.0 -1.0 937.26 -1.0 -1.0 -1.0 -1.0 -1.0 -1.0 -1.0 -1.0 -1.0 -1.0 -1.0 770.94 -1.0 -1.0 -1.0 414.12 -1.0 474.27 -1.0 860.11 342.96 -1.0 309.23 -1.0 -1.0 -1.0 -1.0 -1.0 -1.0 -1.0 -1.0 -1.0 -1.0 
QAN -1.0 552.03 -1.0 914.86 -1.0 -1.0 -1.0 -1.0 -1.0 -1.0 -1.0 -1.0 619.42 -1.0 -1.0 233.89 -1.0 786.28 -1.0 954.74 -1.0 -1.0 783.42 416.84 -1.0 510.34 0.00 -1.0 -1.0 -1.0 -1.0 647.38 -1.0 -1.0 -1.0 -1.0 -1.0 -1.0 627.40 -1.0 -1.0 -1.0 -1.0 -1.0 -1.0 -1.0 -1.0 -1.0 -1.0 -1.0 -1.0 -1.0 -1.0 -1.0 -1.0 -1.0 -1.0 614.33 -1.0 -1.0 -1.0 -1.0 -1.0 -1.0 -1.0 -1.0 -1.0 -1.0 445.20 -1.0 968.91 -1.0 -1.0 -1.0 -1.0 -1.0 621.69 -1.0 -1.0 -1.0 -1.0 486.44 -1.0 -1.0 -1.0 -1.0 -1.0 -1.0 772.78 -1.0 -1.0 -1.0 289.34 -1.0 -1.0 -1.0 -1.0 326.19 -1.0 -1.0 
WEN -1.0 -1.0 81.00 524.66 -1.0 -1.0 98.82 -1.0 -1.0 -1.0 -1.0 -1.0 -1.0 -1.0 160.74 -1.0 -1.0 -1.0 -1.0 -1.0 -1.0 113.53 -1.0 -1.0 -1.0 -1.0 -1.0 0.00 -1.0 -1.0 -1.0 -1.0 449.87 -1.0 -1.0 -1.0 -1.0 612.35 341.94 -1.0 350.74 -1.0 -1.0 609.93 -1.0 -1.0 -1.0 668.86 -1.0 697.23 -1.0 -1.0 -1.0 316.96 -1.0 -1.0 -1.0 -1.0 -1.0 797.55 459.31 -1.0 -1.0 -1.0 -1.0 -1.0 419.39 660.03 147.46 -1.0 -1.0 -1.0 -1.0 -1.0 -1.0 862.28 -1.0 -1.0 -1.0 -1.0 -1.0 -1.0 -1.0 -1.0 932.19 584.22 -1.0 -1.0 -1.0 -1.0 -1.0 -1.0 -1.0 -1.0 210.37 -1.0 -1.0 204.52 -1.0 122.20 
ART 271.89 -1.0 -1.0 -1.0 -1.0 -1.0 -1.0 -1.0 -1.0 -1.0 -1.0 -1.0 -1.0 -1.0 -1.0 -1.0 -1.0 -1.0 -1.0 -1.0 -1.0 -1.0 681.61 -1.0 -1.0 -1.0 -1.0 -1.0 0.00 -1.0 -1.0 -1.0 -1.0 556.97 -1.0 682.65 527.87 -1.0 -1.0 -1.0 -1.0 -1.0 -1.0 -1.0 506.23 -1.0 -1.0 -1.0 -1.0 473.42 -1.0 -1.0 -1.0 93.18 -1.0 -1.0 619.49 -1.0 -1.0 172.39 -1.0 -1.0 -1.0 -1.0 -1.0 -1.0 -1.0 -1.0 -1.0 734.06 -1.0 -1.0 352.51 -1.0 -1.0 929.22 -1.0 -1.0 -1.0 -1.0 -1.0 -1.0 976.07 -1.0 500.58 -1.0 -1.0 -1.0 -1.0 -1.0 423.02 -1.0 -1.0 -1.0 -1.0 -1.0 -1.0 -1.0 674.25 462.45 
YZH -1.0 -1.0 -1.0 -1.0 -1.0 -1.0 439.32 815.36 -1.0 -1.0 -1.0 -1.0 -1.0 -1.0 -1.0 -1.0 -1.0 -1.0 -1.0 -1.0 156.69 -1.0 -1.0 -1.0 -1.0 -1.0 530.80 632.70 -1.0 0.00 -1.0 -1.0 -1.0 -1.0 -1.0 -1.0 -1.0 225.00 -1.0 -1.0 15.63 363.36 -1.0 -1.0 284.02 -1.0 432.92 821.75 -1.0 -1.0 -1.0 -1.0 -1.0 -1.0 -1.0 -1.0 -1.0 -1.0 -1.0 -1.0 -1.0 -1.0 -1.0 -1.0 -1.0 -1.0 -1.0 -1.0 -1.0 988.48 -1.0 -1.0 -1.0 -1.0 -1.0 -1.0 -1.0 -1.0 -1.0 -1.0 -1.0 -1.0 -1.0 -1.0 -1.0 -1.0 945.27 -1.0 -1.0 -1.0 233.52 -1.0 491.69 -1.0 -1.0 -1.0 -1.0 -1.0 943.55 -1.0 
GFJ -1.0 -1.0 -1.0 -1.0 -1.0 -1.0 797.98 -1.0 -1.0 -1.0 -1.0 -1.0 815.41 -1.0 -1.0 -1.0 -1.0 510.29 -1.0 -1.0 -1.0 -1.0 -1.0 -1.0 -1.0 -1.0 -1.0 -1.0 -1.0 -1.0 0.00 -1.0 -1.0 -1.0 237.05 -1.0 334.90 -1.0 -1.0 348.25 -1.0 -1.0 122.40 895.95 -1.0 -1.0 -1.0 460.29 -1.0 -1.0 429.63 -1.0 -1.0 -1.0 371.48 -1.0 -1.0 -1.0 -1.0 -1.0 -1.0 -1.0 -1.0 287.69 -1.0 -1.0 716.65 -1.0 -1.0 -1.0 -1.0 721.71 -1.0 -1.0 -1.0 -1.0 -1.0 -1.0 -1.0 -1.0 -1.0 -1.0 436.53 -1.0 332.96 -1.0 -1.0 -1.0 -1.0 -1.0 -1.0 756.03 -1.0 -1.0 -1.0 -1.0 -1.0 -1.0 -1.0 3.08 
OVW -1.0 -1.0 -1.0 -1.0 -1.0 624.04 -1.0 -1.0 862.96 -1.0 -1.0 -1.0 -1.0 -1.0 -1.0 -1.0 -1.0 -1.0 -1.0 -1.0 873.96 -1.0 -1.0 222.67 660.62 -1.0 919.62 -1.0 -1.0 -1.0 419.68 0.00 -1.0 -1.0 -1.0 -1.0 -1.0 -1.0 -1.0 -1.0 -1.0 494.35 -1.0 -1.0 -1.0 -1.0 -1.0 307.56 -1.0 -1.0 572.79 -1.0 -1.0 -1.0 -1.0 -1.0 -1.0 -1.0 40.10 -1.0 -1.0 -1.0 -1.0 -1.0 68.39 -1.0 -1.0 540.01 -1.0 -1.0 -1.0 -1.0 -1.0 -1.0 -1.0 -1.0 940.96 -1.0 466.00 -1.0 -1.0 -1.0 -1.0 -1.0 347.88 846.00 920.79 -1.0 719.50 -1.0 -1.0 63.84 -1.0 -1.0 -1.0 -1.0 -1.0 -1.0 -1.0 -1.0 
OFJ 172.44 -1.0 -1.0 -1.0 -1.0 977.58 -1.0 -1.0 -1.0 -1.0 812.41 814.64 -1.0 93.31 -1.0 -1.0 -1.0 -1.0 201.63 -1.0 -1.0 -1.0 -1.0 -1.0 -1.0 -1.0 434.87 -1.0 -1.0 190.71 -1.0 -1.0 0.00 -1.0 -1.0 -1.0 -1.0 -1.0 -1.0 -1.0 -1.0 -1.0 -1.0 -1.0 362.21 -1.0 120.02 888.66 994.65 -1.0 -1.0 -1.0 -1.0 -1.0 -1.0 -1.0 -1.0 -1.0 -1.0 469.25 -1.0 -1.0 22.45 -1.0 -1.0 -1.0 996.07 -1.0 -1.0 -1.0 -1.0 -1.0 -1.0 -1.0 -1.0 -1.0 -1.0 -1.0 -1.0 704.13 -1.0 -1.0 938.93 -1.0 -1.0 -1.0 -1.0 -1.0 -1.0 -1.0 -1.0 -1.0 -1.0 42.27 -1.0 -1.0 -1.0 -1.0 654.91 -1.0 
HYF -1.0 -1.0 -1.0 -1.0 -1.0 148.78 -1.0 2.17 -1.0 -1.0 -1.0 -1.0 -1.0 -1.0 -1.0 -1.0 -1.0 709.33 914.10 -1.0 -1.0 -1.0 -1.0 -1.0 -1.0 -1.0 -1.0 -1.0 -1.0 -1.0 -1.0 -1.0 -1.0 0.00 -1.0 593.51 -1.0 42.19 202.08 484.65 -1.0 -1.0 -1.0 -1.0 -1.0 -1.0 -1.0 -1.0 731.19 -1.0 -1.0 -1.0 -1.0 -1.0 -1.0 32.00 -1.0 -1.0 -1.0 -1.0 -1.0 -1.0 -1.0 -1.0 578.14 -1.0 -1.0 20.91 842.65 -1.0 -1.0 -1.0 -1.0 273.83 -1.0 869.78 690.40 -1.0 754.72 -1.0 -1.0 -1.0 -1.0 645.17 -1.0 -1.0 619.21 -1.0 -1.0 -1.0 -1.0 387.32 -1.0 -1.0 346.03 -1.0 -1.0 573.56 -1.0 -1.0 
IBP -1.0 -1.0 661.76 -1.0 -1.0 -1.0 -1.0 -1.0 -1.0 -1.0 -1.0 -1.0 -1.0 949.12 -1.0 -1.0 -1.0 -1.0 -1.0 -1.0 -1.0 -1.0 734.08 -1.0 -1.0 -1.0 -1.0 -1.0 -1.0 -1.0 926.56 -1.0 -1.0 -1.0 0.00 -1.0 -1.0 -1.0 -1.0 -1.0 -1.0 -1.0 -1.0 -1.0 -1.0 948.27 87.99 -1.0 732.12 -1.0 -1.0 -1.0 -1.0 22.45 -1.0 -1.0 -1.0 -1.0 -1.0 -1.0 -1.0 846.88 -1.0 -1.0 497.78 -1.0 414.26 626.59 934.08 -1.0 -1.0 -1.0 -1.0 -1.0 -1.0 -1.0 -1.0 -1.0 -1.0 -1.0 98.56 -1.0 522.05 -1.0 -1.0 -1.0 -1.0 -1.0 -1.0 163.11 600.83 416.19 -1.0 -1.0 -1.0 -1.0 -1.0 -1.0 -1.0 -1.0 
LYF -1.0 -1.0 640.37 -1.0 -1.0 -1.0 -1.0 -1.0 -1.0 371.98 -1.0 -1.0 -1.0 767.07 -1.0 -1.0 -1.0 -1.0 -1.0 479.76 -1.0 -1.0 -1.0 -1.0 -1.0 -1.0 -1.0 -1.0 -1.0 -1.0 44.34 -1.0 -1.0 -1.0 -1.0 0.00 -1.0 971.55 -1.0 88.69 814.68 137.91 -1.0 -1.0 0.13 -1.0 -1.0 -1.0 -1.0 -1.0 -1.0 -1.0 -1.0 -1.0 -1.0 -1.0 -1.0 -1.0 -1.0 -1.0 -1.0 -1.0 -1.0 -1.0 728.92 -1.0 -1.0 761.46 -1.0 729.82 -1.0 -1.0 -1.0 741.95 -1.0 -1.0 -1.0 -1.0 703.02 -1.0 -1.0 -1.0 779.42 -1.0 581.24 84.54 -1.0 -1.0 445.93 900.34 739.20 -1.0 -1.0 230.54 819.80 186.60 -1.0 784.51 -1.0 -1.0 
ZLK -1.0 -1.0 -1.0 -1.0 353.07 263.61 -1.0 -1.0 -1.0 -1.0 -1.0 84.39 558.77 -1.0 254.16 859.94 342.50 -1.0 -1.0 -1.0 874.77 -1.0 -1.0 -1.0 -1.0 -1.0 747.39 -1.0 -1.0 -1.0 -1.0 948.52 -1.0 -1.0 -1.0 -1.0 0.00 295.37 -1.0 -1.0 -1.0 -1.0 -1.0 -1.0 -1.0 -1.0 -1.0 -1.0 -1.0 -1.0 793.80 -1.0 722.45 -1.0 -1.0 -1.0 -1.0 -1.0 375.74 -1.0 -1.0 -1.0 718.14 -1.0 -1.0 784.96 -1.0 35.94 -1.0 -1.0 -1.0 -1.0 -1.0 -1.0 -1.0 -1.0 -1.0 968.55 -1.0 -1.0 151.70 375.89 -1.0 -1.0 175.31 -1.0 -1.0 -1.0 -1.0 -1.0 685.97 165.32 -1.0 893.88 -1.0 -1.0 815.89 -1.0 -1.0 -1.0 
HHX -1.0 -1.0 -1.0 -1.0 -1.0 -1.0 -1.0 -1.0 735.35 85.13 -1.0 -1.0 -1.0 -1.0 -1.0 242.95 -1.0 -1.0 -1.0 -1.0 -1.0 -1.0 -1.0 -1.0 -1.0 173.63 -1.0 -1.0 -1.0 -1.0 584.71 790.37 -1.0 -1.0 -1.0 -1.0 -1.0 0.00 -1.0 246.40 -1.0 545.01 -1.0 -1.0 -1.0 431.87 -1.0 -1.0 -1.0 -1.0 453.09 -1.0 268.38 -1.0 -1.0 -1.0 -1.0 -1.0 -1.0 -1.0 -1.0 -1.0 -1.0 -1.0 -1.0 -1.0 -1.0 -1.0 798.42 -1.0 397.78 -1.0 868.55 -1.0 -1.0 -1.0 -1.0 -1.0 -1.0 -1.0 0.44 62.42 93.26 -1.0 -1.0 -1.0 -1.0 -1.0 -1.0 -1.0 -1.0 -1.0 -1.0 -1.0 -1.0 279.27 -1.0 -1.0 -1.0 -1.0 
XPP 370.21 -1.0 -1.0 -1.0 -1.0 951.99 -1.0 -1.0 -1.0 -1.0 -1.0 -1.0 -1.0 -1.0 -1.0 -1.0 -1.0 -1.0 -1.0 -1.0 -1.0 -1.0 691.42 -1.0 -1.0 82.16 281.61 -1.0 -1.0 -1.0 -1.0 -1.0 -1.0 -1.0 -1.0 -1.0 -1.0 -1.0 0.00 -1.0 -1.0 -1.0 -1.0 796.75 591.69 -1.0 -1.0 450.80 539.28 -1.0 99.97 567.86 -1.0 -1.0 -1.0 -1.0 -1.0 746.62 -1.0 -1.0 -1.0 -1.0 -1.0 -1.0 260.78 -1.0 -1.0 -1.0 -1.0 -1.0 -1.0 -1.0 517.84 -1.0 585.40 -1.0 -1.0 -1.0 -1.0 -1.0 -1.0 486.67 -1.0 -1.0 -1.0 -1.0 -1.0 -1.0 238.61 -1.0 -1.0 644.47 -1.0 296.65 -1.0 -1.0 -1.0 -1.0 -1.0 -1.0 
SNV -1.0 -1.0 -1.0 962.38 -1.0 -1.0 576.50 -1.0 -1.0 162.19 -1.0 -1.0 347.32 -1.0 -1.0 -1.0 401.94 -1.0 -1.0 322.94 -1.0 -1.0 -1.0 -1.0 -1.0 -1.0 -1.0 762.67 -1.0 -1.0 -1.0 -1.0 -1.0 -1.0 -1.0 -1.0 5.18 -1.0 -1.0 0.00 -1.0 744.88 -1.0 -1.0 -1.0 -1.0 -1.0 386.11 -1.0 -1.0 -1.0 -1.0 -1.0 -1.0 689.16 -1.0 -1.0 -1.0 -1.0 -1.0 -1.0 -1.0 -1.0 -1.0 -1.0 -1.0 -1.0 -1.0 -1.0 -1.0 -1.0 -1.0 -1.0 -1.0 -1.0 -1.0 -1.0 -1.0 -1.0 -1.0 -1.0 -1.0 -1.0 -1.0 -1.0 -1.0 888.96 -1.0 -1.0 -1.0 -1.0 30.38 -1.0 -1.0 284.92 614.49 -1.0 -1.0 -1.0 -1.0 
KOC -1.0 -1.0 -1.0 -1.0 449.67 -1.0 -1.0 -1.0 -1.0 873.58 -1.0 -1.0 900.37 343.82 -1.0 -1.0 -1.0 -1.0 -1.0 168.40 -1.0 -1.0 -1.0 -1.0 -1.0 -1.0 -1.0 162.63 -1.0 -1.0 -1.0 371.93 -1.0 -1.0 -1.0 171.89 -1.0 -1.0 -1.0 -1.0 0.00 -1.0 -1.0 -1.0 -1.0 465.67 305.92 23.92 -1.0 -1.0 -1.0 -1.0 -1.0 -1.0 -1.0 -1.0 -1.0 -1.0 -1.0 -1.0 -1.0 -1.0 -1.0 -1.0 47.67 -1.0 -1.0 -1.0 -1.0 -1.0 -1.0 -1.0 -1.0 -1.0 -1.0 464.85 -1.0 -1.0 -1.0 -1.0 -1.0 288.06 -1.0 -1.0 -1.0 -1.0 -1.0 -1.0 -1.0 -1.0 818.99 -1.0 489.17 -1.0 -1.0 623.95 -1.0 -1.0 -1.0 -1.0 
RLY -1.0 -1.0 -1.0 -1.0 664.46 -1.0 -1.0 142.52 -1.0 -1.0 -1.0 -1.0 -1.0 102.68 -1.0 -1.0 -1.0 71.84 -1.0 -1.0 -1.0 -1.0 -1.0 -1.0 4.01 -1.0 -1.0 -1.0 -1.0 147.42 -1.0 -1.0 -1.0 -1.0 -1.0 -1.0 -1.0 -1.0 -1.0 -1.0 -1.0 0.00 183.55 84.67 -1.0 -1.0 -1.0 -1.0 -1.0 -1.0 -1.0 -1.0 63.41 -1.0 -1.0 -1.0 522.67 -1.0 -1.0 637.85 -1.0 599.44 -1.0 -1.0 -1.0 -1.0 -1.0 649.17 -1.0 -1.0 -1.0 -1.0 -1.0 224.98 -1.0 -1.0 -1.0 309.86 -1.0 -1.0 -1.0 -1.0 -1.0 -1.0 -1.0 117.63 -1.0 -1.0 926.74 973.62 -1.0 -1.0 -1.0 -1.0 -1.0 492.95 -1.0 -1.0 -1.0 -1.0 
FUP -1.0 -1.0 -1.0 -1.0 414.82 -1.0 -1.0 -1.0 -1.0 -1.0 -1.0 -1.0 -1.0 -1.0 -1.0 -1.0 -1.0 -1.0 920.93 -1.0 -1.0 359.72 -1.0 -1.0 -1.0 44.46 -1.0 -1.0 -1.0 -1.0 -1.0 588.81 -1.0 -1.0 405.41 -1.0 -1.0 319.42 -1.0 -1.0 -1.0 -1.0 0.00 -1.0 -1.0 -1.0 -1.0 647.75 460.52 -1.0 100.54 907.95 -1.0 -1.0 -1.0 786.12 -1.0 -1.0 489.36 -1.0 -1.0 -1.0 -1.0 -1.0 -1.0 523.86 -1.0 287.30 980.66 -1.0 -1.0 -1.0 -1.0 -1.0 -1.0 -1.0 -1.0 -1.0 -1.0 -1.0 -1.0 -1.0 -1.0 -1.0 -1.0 167.95 -1.0 -1.0 942.63 -1.0 -1.0 -1.0 -1.0 -1.0 -1.0 -1.0 672.42 -1.0 -1.0 -1.0 
COS 766.37 -1.0 -1.0 -1.0 -1.0 -1.0 -1.0 -1.0 -1.0 -1.0 -1.0 -1.0 -1.0 461.89 -1.0 -1.0 123.38 -1.0 426.66 -1.0 -1.0 -1.0 -1.0 -1.0 -1.0 521.62 -1.0 -1.0 -1.0 -1.0 447.69 -1.0 -1.0 -1.0 -1.0 814.24 -1.0 -1.0 -1.0 -1.0 -1.0 -1.0 -1.0 0.00 484.56 -1.0 -1.0 -1.0 388.91 -1.0 -1.0 -1.0 593.23 -1.0 -1.0 -1.0 -1.0 -1.0 -1.0 -1.0 998.44 -1.0 -1.0 -1.0 -1.0 -1.0 -1.0 885.36 -1.0 -1.0 -1.0 -1.0 -1.0 118.60 965.22 -1.0 -1.0 -1.0 -1.0 -1.0 -1.0 -1.0 351.52 -1.0 -1.0 744.48 967.59 450.24 346.44 -1.0 -1.0 -1.0 -1.0 -1.0 -1.0 -1.0 -1.0 -1.0 -1.0 -1.0 
FMM -1.0 -1.0 -1.0 -1.0 -1.0 -1.0 992.37 -1.0 19.50 -1.0 729.49 -1.0 -1.0 -1.0 -1.0 -1.0 -1.0 -1.0 -1.0 -1.0 -1.0 -1.0 -1.0 -1.0 -1.0 -1.0 -1.0 295.76 762.24 -1.0 -1.0 -1.0 -1.0 14.95 -1.0 601.88 -1.0 -1.0 -1.0 -1.0 -1.0 550.27 -1.0 -1.0 0.00 -1.0 -1.0 -1.0 -1.0 -1.0 -1.0 -1.0 -1.0 711.71 -1.0 -1.0 -1.0 238.65 752.22 -1.0 -1.0 187.10 -1.0 -1.0 -1.0 -1.0 -1.0 -1.0 -1.0 -1.0 -1.0 -1.0 -1.0 -1.0 -1.0 -1.0 -1.0 -1.0 -1.0 -1.0 -1.0 473.66 -1.0 478.67 901.88 -1.0 -1.0 -1.0 -1.0 -1.0 739.43 -1.0 -1.0 -1.0 -1.0 -1.0 -1.0 -1.0 -1.0 -1.0 
ESV 443.87 -1.0 452.79 -1.0 652.01 528.39 518.45 -1.0 -1.0 -1.0 -1.0 -1.0 595.76 -1.0 -1.0 -1.0 985.45 -1.0 -1.0 -1.0 -1.0 752.22 -1.0 -1.0 -1.0 -1.0 -1.0 -1.0 967.57 -1.0 -1.0 -1.0 -1.0 -1.0 -1.0 241.06 -1.0 -1.0 -1.0 -1.0 -1.0 -1.0 -1.0 -1.0 -1.0 0.00 489.10 -1.0 -1.0 -1.0 -1.0 -1.0 -1.0 -1.0 -1.0 -1.0 -1.0 -1.0 -1.0 -1.0 -1.0 -1.0 653.90 -1.0 -1.0 -1.0 -1.0 -1.0 -1.0 -1.0 -1.0 382.06 824.51 -1.0 -1.0 -1.0 -1.0 -1.0 -1.0 -1.0 -1.0 -1.0 -1.0 -1.0 218.38 -1.0 -1.0 -1.0 -1.0 -1.0 -1.0 -1.0 -1.0 -1.0 -1.0 -1.0 -1.0 -1.0 -1.0 -1.0 
VDX -1.0 695.53 -1.0 -1.0 -1.0 -1.0 524.46 -1.0 -1.0 -1.0 -1.0 -1.0 854.69 -1.0 -1.0 -1.0 -1.0 -1.0 -1.0 -1.0 -1.0 -1.0 -1.0 -1.0 -1.0 -1.0 889.57 631.50 -1.0 -1.0 -1.0 -1.0 -1.0 -1.0 -1.0 -1.0 -1.0 -1.0 -1.0 -1.0 -1.0 -1.0 224.90 -1.0 98.59 521.84 0.00 -1.0 -1.0 -1.0 -1.0 -1.0 -1.0 -1.0 -1.0 826.42 -1.0 -1.0 -1.0 -1.0 -1.0 -1.0 637.26 -1.0 -1.0 -1.0 -1.0 -1.0 -1.0 -1.0 -1.0 498.13 -1.0 -1.0 329.79 -1.0 -1.0 -1.0 -1.0 -1.0 -1.0 -1.0 -1.0 -1.0 -1.0 246.66 -1.0 -1.0 -1.0 -1.0 -1.0 -1.0 904.06 817.20 594.63 398.57 -1.0 411.79 -1.0 -1.0 
TQJ 331.28 -1.0 -1.0 723.77 -1.0 -1.0 773.99 -1.0 -1.0 -1.0 -1.0 -1.0 -1.0 -1.0 17.01 -1.0 -1.0 -1.0 180.46 -1.0 -1.0 885.45 417.73 -1.0 -1.0 -1.0 -1.0 474.13 -1.0 346.00 -1.0 -1.0 -1.0 39.31 -1.0 -1.0 -1.0 -1.0 -1.0 -1.0 247.12 -1.0 -1.0 -1.0 773.73 -1.0 -1.0 0.00 -1.0 -1.0 -1.0 -1.0 -1.0 -1.0 -1.0 507.53 -1.0 990.12 -1.0 -1.0 486.33 -1.0 -1.0 585.56 -1.0 -1.0 -1.0 695.14 -1.0 -1.0 -1.0 -1.0 -1.0 -1.0 909.62 -1.0 -1.0 -1.0 -1.0 -1.0 121.66 -1.0 -1.0 -1.0 -1.0 468.98 620.29 -1.0 -1.0 -1.0 -1.0 -1.0 -1.0 -1.0 634.53 332.95 -1.0 623.23 -1.0 164.35 
XYR -1.0 -1.0 -1.0 -1.0 338.32 -1.0 -1.0 -1.0 -1.0 -1.0 -1.0 -1.0 -1.0 -1.0 -1.0 442.35 -1.0 -1.0 -1.0 -1.0 -1.0 -1.0 -1.0 -1.0 758.53 -1.0 -1.0 -1.0 -1.0 683.15 -1.0 -1.0 -1.0 885.63 -1.0 -1.0 -1.0 -1.0 100.52 -1.0 -1.0 -1.0 -1.0 711.32 -1.0 -1.0 720.09 223.28 0.00 720.25 -1.0 -1.0 -1.0 -1.0 -1.0 812.56 -1.0 -1.0 -1.0 -1.0 -1.0 -1.0 -1.0 392.21 -1.0 -1.0 -1.0 -1.0 -1.0 -1.0 -1.0 -1.0 -1.0 -1.0 -1.0 966.72 -1.0 -1.0 -1.0 -1.0 -1.0 -1.0 -1.0 168.57 -1.0 -1.0 -1.0 -1.0 789.12 -1.0 -1.0 -1.0 -1.0 -1.0 -1.0 -1.0 853.70 -1.0 -1.0 -1.0 
TYU 862.76 20.87 -1.0 117.55 -1.0 -1.0 -1.0 -1.0 -1.0 -1.0 764.93 -1.0 -1.0 855.67 -1.0 -1.0 -1.0 -1.0 -1.0 177.27 -1.0 -1.0 -1.0 369.33 -1.0 -1.0 733.65 -1.0 -1.0 -1.0 -1.0 -1.0 206.54 -1.0 35.97 -1.0 -1.0 -1.0 -1.0 -1.0 913.09 -1.0 368.60 -1.0 -1.0 -1.0 -1.0 -1.0 -1.0 0.00 160.80 683.05 -1.0 -1.0 -1.0 -1.0 -1.0 -1.0 -1.0 -1.0 -1.0 -1.0 -1.0 40.44 -1.0 -1.0 -1.0 -1.0 -1.0 -1.0 -1.0 -1.0 288.66 -1.0 -1.0 -1.0 -1.0 -1.0 953.07 -1.0 -1.0 -1.0 -1.0 -1.0 -1.0 -1.0 -1.0 -1.0 -1.0 -1.0 -1.0 869.18 -1.0 -1.0 -1.0 -1.0 -1.0 -1.0 -1.0 -1.0 
KGO -1.0 -1.0 412.24 -1.0 -1.0 172.58 -1.0 -1.0 -1.0 -1.0 -1.0 -1.0 -1.0 -1.0 -1.0 164.22 -1.0 -1.0 -1.0 -1.0 456.17 631.85 -1.0 -1.0 -1.0 -1.0 -1.0 -1.0 984.42 -1.0 -1.0 -1.0 -1.0 -1.0 -1.0 -1.0 649.91 -1.0 -1.0 -1.0 842.35 -1.0 -1.0 -1.0 -1.0 -1.0 -1.0 -1.0 -1.0 719.07 0.00 8.10 -1.0 963.69 -1.0 -1.0 -1.0 912.77 -1.0 13.64 -1.0 -1.0 -1.0 -1.0 -1.0 -1.0 -1.0 -1.0 -1.0 -1.0 -1.0 -1.0 -1.0 -1.0 -1.0 -1.0 -1.0 92.98 -1.0 -1.0 -1.0 -1.0 -1.0 106.98 13.13 -1.0 825.15 -1.0 952.28 -1.0 -1.0 540.95 -1.0 -1.0 446.82 -1.0 745.33 -1.0 208.94 -1.0 
ZUT -1.0 -1.0 -1.0 -1.0 -1.0 251.10 -1.0 -1.0 -1.0 -1.0 -1.0 -1.0 -1.0 -1.0 565.04 -1.0 -1.0 -1.0 -1.0 -1.0 -1.0 -1.0 -1.0 587.96 -1.0 -1.0 -1.0 -1.0 -1.0 -1.0 -1.0 -1.0 -1.0 -1.0 -1.0 -1.0 -1.0 -1.0 -1.0 -1.0 -1.0 234.24 -1.0 610.34 912.81 -1.0 -1.0 -1.0 515.12 -1.0 -1.0 0.00 935.06 -1.0 715.21 -1.0 -1.0 -1.0 -1.0 -1.0 -1.0 498.34 -1.0 -1.0 -1.0 -1.0 -1.0 -1.0 -1.0 -1.0 -1.0 -1.0 -1.0 -1.0 -1.0 -1.0 21.89 879.70 872.05 -1.0 -1.0 -1.0 427.61 -1.0 -1.0 -1.0 -1.0 747.23 623.29 -1.0 -1.0 -1.0 -1.0 -1.0 -1.0 896.25 -1.0 -1.0 -1.0 721.79 
YKU -1.0 874.89 -1.0 -1.0 208.44 338.39 -1.0 -1.0 -1.0 -1.0 -1.0 -1.0 -1.0 -1.0 -1.0 446.62 -1.0 -1.0 -1.0 534.35 717.54 -1.0 -1.0 -1.0 -1.0 -1.0 -1.0 558.91 -1.0 -1.0 447.40 544.14 -1.0 902.49 -1.0 -1.0 -1.0 172.75 -1.0 -1.0 -1.0 -1.0 -1.0 947.07 -1.0 -1.0 -1.0 -1.0 877.04 75.97 -1.0 -1.0 0.00 -1.0 -1.0 -1.0 121.88 514.45 -1.0 449.24 312.45 -1.0 953.24 -1.0 -1.0 11.37 75.76 734.23 311.87 -1.0 -1.0 120.25 -1.0 -1.0 -1.0 -1.0 -1.0 -1.0 -1.0 -1.0 -1.0 640.70 -1.0 64.64 784.68 -1.0 -1.0 -1.0 585.95 -1.0 -1.0 715.35 -1.0 -1.0 -1.0 -1.0 -1.0 -1.0 -1.0 -1.0 
PZO -1.0 -1.0 -1.0 740.59 -1.0 299.55 928.34 -1.0 -1.0 -1.0 389.86 575.49 -1.0 -1.0 -1.0 -1.0 -1.0 -1.0 -1.0 -1.0 -1.0 -1.0 898.74 824.33 -1.0 -1.0 856.74 -1.0 866.41 557.49 -1.0 -1.0 456.39 -1.0 -1.0 -1.0 -1.0 -1.0 -1.0 -1.0 -1.0 -1.0 -1.0 -1.0 -1.0 -1.0 -1.0 -1.0 511.22 21.81 -1.0 -1.0 -1.0 0.00 78.61 -1.0 409.68 -1.0 -1.0 -1.0 986.21 -1.0 310.10 -1.0 -1.0 -1.0 285.24 -1.0 795.67 -1.0 -1.0 -1.0 -1.0 -1.0 -1.0 -1.0 -1.0 499.37 534.53 426.06 810.72 -1.0 -1.0 -1.0 173.87 -1.0 -1.0 -1.0 -1.0 -1.0 -1.0 -1.0 -1.0 -1.0 -1.0 -1.0 -1.0 -1.0 -1.0 -1.0 
REZ -1.0 736.81 -1.0 -1.0 997.34 -1.0 -1.0 -1.0 -1.0 -1.0 -1.0 -1.0 -1.0 -1.0 -1.0 -1.0 60.15 -1.0 -1.0 -1.0 930.67 253.06 -1.0 -1.0 -1.0 -1.0 -1.0 -1.0 -1.0 -1.0 -1.0 143.44 -1.0 -1.0 508.16 -1.0 -1.0 -1.0 -1.0 -1.0 -1.0 608.29 -1.0 3.80 -1.0 -1.0 -1.0 -1.0 -1.0 399.86 -1.0 709.18 -1.0 521.19 0.00 -1.0 -1.0 -1.0 207.57 -1.0 156.19 -1.0 -1.0 -1.0 -1.0 -1.0 565.00 -1.0 686.18 -1.0 -1.0 -1.0 118.63 -1.0 -1.0 977.74 -1.0 -1.0 -1.0 930.87 -1.0 -1.0 -1.0 254.43 -1.0 -1.0 -1.0 -1.0 -1.0 -1.0 -1.0 229.80 -1.0 -1.0 -1.0 -1.0 -1.0 -1.0 623.62 -1.0 
ELP -1.0 24.76 426.56 -1.0 807.53 -1.0 -1.0 -1.0 -1.0 -1.0 -1.0 732.03 400.44 -1.0 -1.0 -1.0 -1.0 -1.0 -1.0 -1.0 -1.0 -1.0 -1.0 -1.0 -1.0 -1.0 -1.0 -1.0 -1.0 -1.0 145.65 -1.0 657.73 632.97 912.25 -1.0 294.15 -1.0 839.01 -1.0 -1.0 -1.0 -1.0 -1.0 -1.0 -1.0 -1.0 632.99 -1.0 -1.0 -1.0 -1.0 -1.0 -1.0 -1.0 0.00 501.20 -1.0 -1.0 -1.0 -1.0 373.66 -1.0 -1.0 -1.0 -1.0 -1.0 -1.0 588.43 -1.0 -1.0 -1.0 -1.0 -1.0 -1.0 -1.0 289.64 -1.0 151.60 -1.0 -1.0 -1.0 -1.0 -1.0 -1.0 -1.0 -1.0 -1.0 -1.0 -1.0 -1.0 -1.0 -1.0 -1.0 -1.0 -1.0 -1.0 435.91 -1.0 -1.0 
HRS -1.0 73.22 -1.0 -1.0 -1.0 -1.0 935.81 -1.0 882.28 -1.0 -1.0 728.84 -1.0 -1.0 -1.0 -1.0 -1.0 -1.0 -1.0 -1.0 -1.0 -1.0 -1.0 -1.0 -1.0 -1.0 -1.0 -1.0 -1.0 -1.0 -1.0 873.23 185.72 -1.0 -1.0 -1.0 -1.0 -1.0 539.70 -1.0 -1.0 -1.0 -1.0 -1.0 -1.0 -1.0 -1.0 -1.0 -1.0 524.59 -1.0 -1.0 -1.0 -1.0 -1.0 -1.0 0.00 -1.0 -1.0 -1.0 597.79 -1.0 464.83 -1.0 -1.0 -1.0 -1.0 -1.0 -1.0 -1.0 -1.0 76.37 -1.0 -1.0 -1.0 -1.0 -1.0 666.53 -1.0 -1.0 -1.0 -1.0 368.29 -1.0 133.83 -1.0 -1.0 -1.0 -1.0 -1.0 -1.0 -1.0 -1.0 240.42 523.76 326.21 562.73 -1.0 -1.0 47.03 
GHK 807.98 262.13 -1.0 182.58 -1.0 -1.0 -1.0 -1.0 156.60 112.46 158.65 -1.0 337.46 565.66 -1.0 -1.0 -1.0 -1.0 -1.0 -1.0 272.25 -1.0 -1.0 -1.0 -1.0 -1.0 -1.0 -1.0 -1.0 -1.0 -1.0 -1.0 -1.0 -1.0 -1.0 -1.0 -1.0 -1.0 -1.0 -1.0 714.97 -1.0 435.08 -1.0 -1.0 -1.0 -1.0 -1.0 -1.0 471.34 -1.0 -1.0 -1.0 -1.0 -1.0 -1.0 -1.0 0.00 98.85 -1.0 -1.0 -1.0 -1.0 -1.0 891.24 -1.0 -1.0 -1.0 -1.0 -1.0 656.83 -1.0 714.18 -1.0 -1.0 -1.0 -1.0 -1.0 -1.0 -1.0 -1.0 519.81 619.90 -1.0 -1.0 -1.0 -1.0 -1.0 483.52 -1.0 -1.0 68.04 -1.0 -1.0 -1.0 -1.0 -1.0 -1.0 282.73 -1.0 
IDJ -1.0 -1.0 -1.0 -1.0 -1.0 -1.0 -1.0 688.48 -1.0 -1.0 -1.0 -1.0 -1.0 -1.0 -1.0 -1.0 600.87 -1.0 -1.0 890.93 29.68 -1.0 -1.0 -1.0 -1.0 154.63 -1.0 302.57 -1.0 -1.0 792.89 -1.0 -1.0 -1.0 742.88 -1.0 862.74 -1.0 261.62 -1.0 -1.0 -1.0 -1.0 -1.0 -1.0 -1.0 -1.0 -1.0 -1.0 -1.0 -1.0 408.98 -1.0 -1.0 -1.0 65.71 366.27 -1.0 0.00 -1.0 611.44 -1.0 -1.0 345.42 -1.0 -1.0 -1.0 -1.0 -1.0 -1.0 -1.0 -1.0 -1.0 -1.0 -1.0 -1.0 -1.0 -1.0 -1.0 -1.0 -1.0 -1.0 -1.0 -1.0 -1.0 -1.0 -1.0 -1.0 -1.0 -1.0 -1.0 -1.0 -1.0 -1.0 -1.0 -1.0 -1.0 -1.0 377.61 -1.0 
GHP -1.0 -1.0 733.02 -1.0 -1.0 -1.0 -1.0 -1.0 -1.0 -1.0 816.56 852.08 -1.0 -1.0 721.71 644.04 -1.0 -1.0 -1.0 581.33 -1.0 -1.0 -1.0 -1.0 906.95 519.69 -1.0 -1.0 113.85 -1.0 -1.0 -1.0 -1.0 60.92 715.20 -1.0 -1.0 -1.0 -1.0 -1.0 -1.0 -1.0 -1.0 12.42 -1.0 -1.0 -1.0 -1.0 -1.0 -1.0 -1.0 -1.0 -1.0 -1.0 402.73 742.08 164.38 -1.0 -1.0 0.00 239.14 -1.0 -1.0 -1.0 -1.0 469.29 484.71 950.62 -1.0 -1.0 -1.0 -1.0 -1.0 -1.0 -1.0 659.52 574.37 -1.0 -1.0 -1.0 -1.0 -1.0 878.99 -1.0 -1.0 479.09 -1.0 -1.0 -1.0 -1.0 -1.0 -1.0 -1.0 -1.0 -1.0 -1.0 -1.0 976.68 854.85 739.27 
XRH -1.0 -1.0 932.39 -1.0 -1.0 -1.0 -1.0 -1.0 -1.0 628.99 -1.0 -1.0 -1.0 -1.0 701.92 798.68 -1.0 -1.0 -1.0 -1.0 -1.0 -1.0 -1.0 507.20 990.39 -1.0 -1.0 -1.0 -1.0 311.30 -1.0 249.93 -1.0 -1.0 -1.0 -1.0 -1.0 761.67 392.16 -1.0 -1.0 -1.0 -1.0 -1.0 -1.0 -1.0 980.03 821.11 -1.0 26.84 -1.0 865.17 -1.0 109.18 -1.0 567.94 -1.0 792.95 905.50 -1.0 0.00 -1.0 -1.0 -1.0 -1.0 -1.0 -1.0 -1.0 431.87 -1.0 -1.0 -1.0 -1.0 941.17 -1.0 -1.0 -1.0 97.12 -1.0 -1.0 -1.0 -1.0 -1.0 -1.0 337.20 595.28 -1.0 -1.0 16.63 -1.0 210.05 -1.0 -1.0 -1.0 -1.0 -1.0 535.22 -1.0 -1.0 167.02 
QDA -1.0 -1.0 -1.0 851.98 -1.0 -1.0 107.67 -1.0 728.50 -1.0 -1.0 -1.0 -1.0 -1.0 -1.0 -1.0 -1.0 -1.0 -1.0 -1.0 -1.0 -1.0 -1.0 -1.0 803.98 -1.0 129.85 -1.0 805.79 -1.0 -1.0 -1.0 -1.0 -1.0 -1.0 904.36 -1.0 -1.0 -1.0 -1.0 -1.0 479.27 121.52 -1.0 -1.0 869.50 -1.0 -1.0 90.69 -1.0 570.77 -1.0 650.10 -1.0 -1.0 -1.0 -1.0 -1.0 -1.0 -1.0 -1.0 0.00 -1.0 -1.0 806.36 -1.0 -1.0 -1.0 -1.0 -1.0 -1.0 -1.0 -1.0 -1.0 240.17 248.14 -1.0 -1.0 -1.0 511.38 -1.0 382.59 -1.0 -1.0 -1.0 -1.0 844.01 -1.0 -1.0 -1.0 181.77 -1.0 -1.0 -1.0 -1.0 -1.0 -1.0 847.55 -1.0 -1.0 
MTY 268.48 -1.0 -1.0 -1.0 -1.0 -1.0 -1.0 -1.0 -1.0 -1.0 -1.0 666.03 -1.0 -1.0 -1.0 -1.0 -1.0 -1.0 603.16 -1.0 -1.0 233.84 -1.0 -1.0 -1.0 -1.0 -1.0 -1.0 -1.0 -1.0 -1.0 979.48 132.21 -1.0 -1.0 -1.0 -1.0 -1.0 -1.0 -1.0 -1.0 -1.0 -1.0 -1.0 -1.0 -1.0 -1.0 -1.0 -1.0 -1.0 639.29 -1.0 -1.0 -1.0 -1.0 -1.0 -1.0 -1.0 -1.0 -1.0 -1.0 -1.0 0.00 -1.0 -1.0 -1.0 -1.0 -1.0 -1.0 -1.0 -1.0 516.65 -1.0 -1.0 -1.0 -1.0 -1.0 -1.0 785.46 -1.0 -1.0 872.09 -1.0 -1.0 -1.0 -1.0 -1.0 -1.0 -1.0 -1.0 -1.0 483.79 -1.0 -1.0 -1.0 -1.0 -1.0 46.14 -1.0 -1.0 
NNR -1.0 -1.0 -1.0 -1.0 -1.0 375.01 325.81 -1.0 684.58 -1.0 -1.0 -1.0 -1.0 -1.0 -1.0 -1.0 -1.0 -1.0 -1.0 -1.0 677.87 -1.0 -1.0 -1.0 -1.0 -1.0 -1.0 -1.0 -1.0 989.81 -1.0 -1.0 -1.0 -1.0 374.59 -1.0 -1.0 -1.0 273.85 -1.0 -1.0 -1.0 -1.0 -1.0 -1.0 -1.0 -1.0 -1.0 -1.0 -1.0 -1.0 -1.0 887.54 -1.0 -1.0 107.50 301.95 -1.0 -1.0 -1.0 -1.0 -1.0 -1.0 0.00 -1.0 -1.0 -1.0 -1.0 695.71 158.63 -1.0 -1.0 -1.0 -1.0 -1.0 -1.0 -1.0 -1.0 -1.0 -1.0 -1.0 -1.0 -1.0 882.26 -1.0 -1.0 -1.0 -1.0 -1.0 -1.0 -1.0 547.62 -1.0 -1.0 -1.0 -1.0 -1.0 -1.0 -1.0 -1.0 
DSD -1.0 -1.0 -1.0 170.38 -1.0 -1.0 229.31 -1.0 -1.0 -1.0 770.18 860.91 -1.0 -1.0 -1.0 -1.0 309.57 176.09 9.71 64.66 -1.0 -1.0 827.25 226.52 -1.0 -1.0 -1.0 -1.0 700.45 377.64 -1.0 -1.0 -1.0 801.04 341.70 -1.0 -1.0 -1.0 530.84 -1.0 -1.0 -1.0 -1.0 -1.0 -1.0 -1.0 -1.0 -1.0 -1.0 -1.0 -1.0 584.47 -1.0 -1.0 -1.0 -1.0 -1.0 -1.0 -1.0 288.43 -1.0 -1.0 -1.0 -1.0 0.00 -1.0 -1.0 163.62 -1.0 141.47 -1.0 -1.0 -1.0 -1.0 -1.0 -1.0 -1.0 512.90 -1.0 -1.0 -1.0 -1.0 -1.0 -1.0 -1.0 -1.0 -1.0 -1.0 219.74 -1.0 -1.0 -1.0 -1.0 -1.0 147.87 -1.0 3.92 -1.0 294.14 -1.0 
GQA -1.0 -1.0 -1.0 -1.0 -1.0 -1.0 -1.0 -1.0 -1.0 -1.0 -1.0 -1.0 -1.0 -1.0 -1.0 -1.0 -1.0 -1.0 -1.0 990.69 233.91 -1.0 -1.0 -1.0 -1.0 -1.0 -1.0 -1.0 -1.0 -1.0 -1.0 -1.0 -1.0 965.94 -1.0 -1.0 -1.0 -1.0 485.71 -1.0 -1.0 7.96 863.28 979.38 -1.0 -1.0 -1.0 -1.0 -1.0 733.45 -1.0 -1.0 -1.0 -1.0 984.11 -1.0 -1.0 -1.0 -1.0 866.38 -1.0 -1.0 632.40 -1.0 -1.0 0.00 590.12 21.64 -1.0 -1.0 -1.0 -1.0 -1.0 -1.0 -1.0 -1.0 -1.0 -1.0 -1.0 -1.0 -1.0 922.40 -1.0 -1.0 -1.0 -1.0 -1.0 -1.0 -1.0 265.22 -1.0 -1.0 -1.0 -1.0 -1.0 -1.0 -1.0 507.49 214.91 -1.0 
YDA -1.0 -1.0 -1.0 -1.0 -1.0 -1.0 -1.0 -1.0 -1.0 109.14 -1.0 -1.0 -1.0 -1.0 -1.0 417.83 319.81 -1.0 -1.0 -1.0 -1.0 783.86 74.58 -1.0 -1.0 -1.0 877.58 -1.0 -1.0 -1.0 -1.0 -1.0 -1.0 -1.0 -1.0 449.32 575.41 -1.0 -1.0 -1.0 -1.0 -1.0 -1.0 -1.0 -1.0 -1.0 776.77 -1.0 -1.0 -1.0 -1.0 -1.0 -1.0 448.19 -1.0 -1.0 -1.0 -1.0 -1.0 -1.0 -1.0 -1.0 -1.0 -1.0 -1.0 -1.0 0.00 -1.0 -1.0 -1.0 -1.0 539.93 788.16 -1.0 -1.0 -1.0 -1.0 -1.0 -1.0 -1.0 -1.0 -1.0 -1.0 -1.0 509.10 -1.0 -1.0 -1.0 -1.0 -1.0 -1.0 -1.0 -1.0 -1.0 -1.0 -1.0 256.83 -1.0 639.91 -1.0 
UDE -1.0 -1.0 -1.0 -1.0 -1.0 -1.0 42.20 -1.0 177.89 -1.0 495.28 434.44 -1.0 -1.0 -1.0 -1.0 169.11 -1.0 -1.0 -1.0 -1.0 -1.0 -1.0 228.83 -1.0 -1.0 -1.0 -1.0 -1.0 419.13 -1.0 -1.0 -1.0 -1.0 714.66 -1.0 -1.0 -1.0 -1.0 -1.0 -1.0 -1.0 -1.0 -1.0 -1.0 -1.0 -1.0 -1.0 -1.0 -1.0 813.42 58.21 -1.0 -1.0 -1.0 -1.0 -1.0 67.14 338.58 -1.0 -1.0 -1.0 -1.0 -1.0 -1.0 -1.0 -1.0 0.00 -1.0 -1.0 -1.0 -1.0 -1.0 -1.0 -1.0 -1.0 -1.0 -1.0 698.12 -1.0 214.02 -1.0 843.62 -1.0 38.33 -1.0 -1.0 -1.0 820.40 -1.0 -1.0 -1.0 -1.0 677.06 -1.0 -1.0 -1.0 -1.0 -1.0 -1.0 
NFS -1.0 -1.0 12.53 -1.0 -1.0 -1.0 -1.0 980.35 -1.0 -1.0 -1.0 -1.0 79.77 444.10 265.42 -1.0 -1.0 324.24 -1.0 -1.0 -1.0 -1.0 -1.0 597.28 -1.0 -1.0 249.93 -1.0 -1.0 31.40 333.09 -1.0 139.59 -1.0 -1.0 -1.0 146.12 -1.0 -1.0 -1.0 628.37 -1.0 21.30 482.56 -1.0 -1.0 -1.0 -1.0 -1.0 -1.0 627.68 -1.0 -1.0 177.31 -1.0 -1.0 -1.0 894.72 -1.0 369.06 -1.0 -1.0 810.76 -1.0 479.04 -1.0 -1.0 -1.0 0.00 -1.0 -1.0 -1.0 87.94 -1.0 -1.0 -1.0 -1.0 -1.0 -1.0 -1.0 -1.0 -1.0 -1.0 440.02 -1.0 -1.0 -1.0 -1.0 598.07 108.66 -1.0 -1.0 -1.0 -1.0 -1.0 -1.0 571.80 -1.0 -1.0 186.46 
OYF -1.0 -1.0 -1.0 -1.0 -1.0 -1.0 -1.0 -1.0 -1.0 -1.0 -1.0 868.54 -1.0 -1.0 -1.0 -1.0 -1.0 -1.0 -1.0 -1.0 -1.0 -1.0 -1.0 -1.0 -1.0 339.76 -1.0 744.45 -1.0 768.17 -1.0 -1.0 673.43 -1.0 208.79 -1.0 -1.0 -1.0 143.16 -1.0 -1.0 253.19 870.07 183.36 -1.0 90.48 -1.0 -1.0 -1.0 -1.0 -1.0 -1.0 -1.0 -1.0 -1.0 -1.0 494.86 -1.0 -1.0 -1.0 -1.0 -1.0 71.94 456.51 -1.0 -1.0 -1.0 -1.0 861.19 0.00 -1.0 -1.0 -1.0 -1.0 -1.0 -1.0 -1.0 -1.0 -1.0 450.32 -1.0 -1.0 915.46 -1.0 -1.0 -1.0 -1.0 -1.0 -1.0 758.36 -1.0 -1.0 -1.0 -1.0 -1.0 -1.0 -1.0 -1.0 -1.0 -1.0 
RNZ -1.0 -1.0 256.53 -1.0 -1.0 -1.0 -1.0 -1.0 -1.0 -1.0 -1.0 -1.0 651.84 -1.0 -1.0 -1.0 -1.0 684.05 -1.0 -1.0 -1.0 804.57 -1.0 86.64 -1.0 -1.0 -1.0 -1.0 -1.0 -1.0 -1.0 -1.0 -1.0 -1.0 -1.0 -1.0 -1.0 -1.0 -1.0 -1.0 -1.0 -1.0 697.37 -1.0 -1.0 -1.0 -1.0 -1.0 -1.0 -1.0 -1.0 -1.0 409.29 -1.0 -1.0 -1.0 -1.0 -1.0 -1.0 -1.0 -1.0 362.50 297.20 -1.0 -1.0 135.63 -1.0 -1.0 -1.0 -1.0 0.00 -1.0 -1.0 -1.0 -1.0 991.94 -1.0 -1.0 -1.0 770.19 -1.0 -1.0 -1.0 -1.0 896.59 -1.0 -1.0 -1.0 -1.0 -1.0 -1.0 -1.0 -1.0 328.18 -1.0 -1.0 -1.0 -1.0 -1.0 -1.0 
YLQ -1.0 756.29 -1.0 -1.0 -1.0 -1.0 -1.0 -1.0 -1.0 -1.0 -1.0 -1.0 664.96 913.97 407.39 -1.0 817.23 -1.0 -1.0 -1.0 -1.0 367.89 -1.0 310.93 -1.0 670.01 -1.0 -1.0 471.58 -1.0 738.06 904.34 -1.0 -1.0 -1.0 -1.0 -1.0 -1.0 -1.0 -1.0 -1.0 -1.0 -1.0 839.49 -1.0 -1.0 -1.0 -1.0 469.17 -1.0 -1.0 -1.0 -1.0 -1.0 -1.0 -1.0 -1.0 -1.0 -1.0 -1.0 -1.0 -1.0 -1.0 -1.0 -1.0 -1.0 -1.0 -1.0 300.10 -1.0 -1.0 0.00 -1.0 -1.0 -1.0 -1.0 -1.0 -1.0 -1.0 -1.0 -1.0 -1.0 296.10 498.49 582.01 -1.0 -1.0 -1.0 -1.0 -1.0 -1.0 -1.0 -1.0 837.86 -1.0 -1.0 -1.0 -1.0 -1.0 -1.0 
CYV 829.59 -1.0 -1.0 534.87 -1.0 -1.0 -1.0 -1.0 -1.0 -1.0 -1.0 -1.0 -1.0 -1.0 -1.0 -1.0 -1.0 -1.0 -1.0 -1.0 -1.0 -1.0 -1.0 -1.0 -1.0 -1.0 171.76 -1.0 -1.0 -1.0 -1.0 -1.0 -1.0 -1.0 -1.0 -1.0 -1.0 -1.0 -1.0 -1.0 -1.0 -1.0 -1.0 -1.0 -1.0 415.66 -1.0 919.14 -1.0 465.54 710.61 -1.0 -1.0 -1.0 -1.0 -1.0 -1.0 -1.0 801.71 -1.0 -1.0 -1.0 -1.0 -1.0 -1.0 -1.0 -1.0 -1.0 807.56 -1.0 867.15 -1.0 0.00 312.14 212.00 -1.0 365.82 -1.0 -1.0 180.16 -1.0 -1.0 -1.0 -1.0 -1.0 -1.0 -1.0 815.22 376.03 -1.0 -1.0 -1.0 -1.0 -1.0 -1.0 -1.0 -1.0 -1.0 -1.0 -1.0 
LKD -1.0 -1.0 -1.0 750.19 -1.0 -1.0 -1.0 143.02 -1.0 -1.0 -1.0 126.15 -1.0 -1.0 -1.0 -1.0 -1.0 835.12 -1.0 0.42 -1.0 -1.0 -1.0 -1.0 -1.0 -1.0 -1.0 -1.0 -1.0 -1.0 -1.0 -1.0 209.61 -1.0 -1.0 -1.0 -1.0 -1.0 -1.0 -1.0 -1.0 -1.0 -1.0 -1.0 -1.0 -1.0 441.73 -1.0 -1.0 -1.0 -1.0 81.18 302.86 -1.0 -1.0 489.42 -1.0 -1.0 -1.0 -1.0 -1.0 -1.0 -1.0 397.45 -1.0 -1.0 852.39 -1.0 -1.0 -1.0 167.02 -1.0 -1.0 0.00 -1.0 -1.0 433.42 455.54 -1.0 -1.0 -1.0 922.01 295.71 -1.0 -1.0 -1.0 -1.0 -1.0 -1.0 325.94 -1.0 -1.0 666.52 869.25 -1.0 -1.0 -1.0 -1.0 364.60 -1.0 
LBZ 55.80 519.51 -1.0 404.59 -1.0 -1.0 -1.0 -1.0 -1.0 733.88 -1.0 -1.0 847.76 -1.0 818.79 -1.0 -1.0 -1.0 -1.0 645.74 -1.0 -1.0 961.13 -1.0 -1.0 -1.0 -1.0 -1.0 -1.0 -1.0 -1.0 -1.0 -1.0 586.23 -1.0 -1.0 -1.0 -1.0 -1.0 -1.0 -1.0 489.08 -1.0 -1.0 642.01 -1.0 -1.0 -1.0 -1.0 -1.0 526.79 -1.0 -1.0 -1.0 -1.0 -1.0 -1.0 -1.0 -1.0 -1.0 -1.0 -1.0 -1.0 -1.0 -1.0 -1.0 862.58 431.06 -1.0 -1.0 685.79 -1.0 760.12 -1.0 0.00 -1.0 -1.0 -1.0 -1.0 505.12 245.04 -1.0 -1.0 -1.0 -1.0 -1.0 -1.0 -1.0 120.35 -1.0 -1.0 -1.0 -1.0 450.50 -1.0 -1.0 -1.0 -1.0 -1.0 -1.0 
FWU 928.40 -1.0 -1.0 289.94 863.12 -1.0 -1.0 -1.0 -1.0 -1.0 -1.0 582.53 999.36 373.92 -1.0 -1.0 242.67 -1.0 794.50 -1.0 -1.0 -1.0 -1.0 -1.0 -1.0 -1.0 -1.0 -1.0 -1.0 -1.0 -1.0 -1.0 -1.0 93.31 -1.0 -1.0 -1.0 -1.0 -1.0 -1.0 263.98 440.85 -1.0 -1.0 -1.0 -1.0 -1.0 -1.0 267.67 -1.0 -1.0 -1.0 -1.0 -1.0 -1.0 -1.0 -1.0 -1.0 -1.0 -1.0 -1.0 -1.0 -1.0 843.86 -1.0 -1.0 -1.0 -1.0 -1.0 -1.0 -1.0 -1.0 -1.0 -1.0 -1.0 0.00 -1.0 -1.0 925.68 -1.0 -1.0 -1.0 395.00 -1.0 864.30 -1.0 -1.0 -1.0 -1.0 -1.0 -1.0 -1.0 -1.0 -1.0 -1.0 92.62 -1.0 -1.0 284.92 -1.0 
SYU 203.84 -1.0 -1.0 -1.0 251.85 -1.0 -1.0 480.23 760.75 806.59 -1.0 -1.0 -1.0 -1.0 -1.0 -1.0 957.73 750.58 -1.0 -1.0 -1.0 -1.0 -1.0 -1.0 -1.0 558.09 375.27 -1.0 -1.0 -1.0 461.05 -1.0 195.00 -1.0 -1.0 -1.0 -1.0 -1.0 181.05 -1.0 -1.0 678.06 -1.0 -1.0 -1.0 -1.0 856.91 -1.0 -1.0 -1.0 -1.0 -1.0 -1.0 -1.0 -1.0 -1.0 -1.0 -1.0 382.80 -1.0 -1.0 -1.0 -1.0 99.33 -1.0 -1.0 -1.0 -1.0 -1.0 309.36 -1.0 -1.0 605.96 -1.0 -1.0 -1.0 0.00 393.28 -1.0 -1.0 704.74 -1.0 -1.0 -1.0 -1.0 67.23 -1.0 -1.0 -1.0 -1.0 -1.0 -1.0 523.63 151.35 -1.0 -1.0 -1.0 -1.0 -1.0 324.63 
MMW -1.0 343.36 -1.0 -1.0 -1.0 229.67 167.61 -1.0 -1.0 -1.0 -1.0 -1.0 520.11 476.49 -1.0 -1.0 -1.0 -1.0 -1.0 936.01 -1.0 -1.0 -1.0 -1.0 -1.0 -1.0 -1.0 446.79 -1.0 -1.0 -1.0 -1.0 16.36 -1.0 -1.0 -1.0 -1.0 -1.0 -1.0 -1.0 -1.0 -1.0 400.83 -1.0 -1.0 -1.0 580.03 -1.0 -1.0 412.88 -1.0 -1.0 -1.0 -1.0 425.96 -1.0 -1.0 -1.0 390.91 -1.0 -1.0 -1.0 898.25 -1.0 -1.0 63.56 -1.0 -1.0 -1.0 -1.0 -1.0 778.18 -1.0 -1.0 -1.0 -1.0 -1.0 0.00 -1.0 -1.0 -1.0 577.03 -1.0 348.31 -1.0 -1.0 -1.0 -1.0 957.15 -1.0 -1.0 -1.0 -1.0 -1.0 -1.0 -1.0 852.44 -1.0 -1.0 -1.0 
FXO -1.0 -1.0 -1.0 -1.0 600.63 113.87 -1.0 111.53 -1.0 349.51 420.31 -1.0 -1.0 -1.0 -1.0 52.05 -1.0 732.18 -1.0 -1.0 -1.0 -1.0 809.44 707.30 -1.0 -1.0 -1.0 577.87 -1.0 -1.0 -1.0 -1.0 -1.0 -1.0 -1.0 -1.0 -1.0 -1.0 -1.0 -1.0 820.61 -1.0 -1.0 -1.0 -1.0 448.56 715.42 -1.0 -1.0 -1.0 -1.0 -1.0 -1.0 898.04 -1.0 -1.0 -1.0 -1.0 161.58 -1.0 -1.0 -1.0 -1.0 -1.0 -1.0 -1.0 -1.0 -1.0 -1.0 -1.0 -1.0 -1.0 -1.0 -1.0 842.75 -1.0 -1.0 -1.0 0.00 -1.0 -1.0 567.58 -1.0 641.49 -1.0 -1.0 -1.0 -1.0 -1.0 -1.0 -1.0 -1.0 -1.0 -1.0 -1.0 -1.0 -1.0 861.83 -1.0 -1.0 
KZN 692.05 127.45 -1.0 -1.0 -1.0 818.14 -1.0 -1.0 -1.0 -1.0 -1.0 -1.0 -1.0 -1.0 120.93 107.38 486.76 -1.0 -1.0 -1.0 -1.0 -1.0 -1.0 -1.0 -1.0 -1.0 -1.0 -1.0 -1.0 -1.0 -1.0 12.59 -1.0 886.39 -1.0 94.53 -1.0 -1.0 -1.0 -1.0 716.98 -1.0 -1.0 -1.0 -1.0 793.19 -1.0 -1.0 582.73 -1.0 -1.0 -1.0 -1.0 -1.0 -1.0 -1.0 -1.0 632.14 -1.0 -1.0 -1.0 -1.0 425.13 -1.0 -1.0 -1.0 -1.0 -1.0 375.06 -1.0 298.06 621.22 -1.0 -1.0 -1.0 -1.0 89.43 -1.0 -1.0 0.00 -1.0 -1.0 -1.0 -1.0 -1.0 -1.0 -1.0 -1.0 975.41 -1.0 -1.0 -1.0 822.17 -1.0 -1.0 -1.0 -1.0 36.22 -1.0 -1.0 
ZOS -1.0 -1.0 -1.0 -1.0 -1.0 -1.0 -1.0 -1.0 -1.0 -1.0 -1.0 -1.0 -1.0 417.00 -1.0 756.34 -1.0 -1.0 -1.0 -1.0 -1.0 106.25 -1.0 -1.0 853.13 -1.0 -1.0 -1.0 -1.0 -1.0 -1.0 -1.0 -1.0 -1.0 598.06 -1.0 936.99 -1.0 -1.0 -1.0 -1.0 -1.0 -1.0 -1.0 -1.0 -1.0 644.31 -1.0 -1.0 -1.0 125.66 180.83 696.64 121.20 -1.0 -1.0 -1.0 -1.0 423.30 -1.0 -1.0 -1.0 653.46 -1.0 -1.0 -1.0 854.22 -1.0 -1.0 -1.0 899.54 -1.0 -1.0 -1.0 -1.0 -1.0 -1.0 -1.0 -1.0 186.61 0.00 637.69 -1.0 -1.0 -1.0 -1.0 -1.0 -1.0 888.04 -1.0 496.23 -1.0 -1.0 -1.0 -1.0 -1.0 -1.0 -1.0 -1.0 -1.0 
GZQ -1.0 -1.0 -1.0 -1.0 -1.0 -1.0 441.54 -1.0 -1.0 496.67 93.78 -1.0 885.67 -1.0 92.01 -1.0 -1.0 -1.0 -1.0 -1.0 -1.0 -1.0 -1.0 -1.0 -1.0 -1.0 -1.0 -1.0 -1.0 615.13 -1.0 -1.0 -1.0 -1.0 -1.0 -1.0 -1.0 -1.0 -1.0 -1.0 -1.0 72.52 -1.0 433.90 -1.0 23.00 -1.0 -1.0 -1.0 -1.0 -1.0 -1.0 -1.0 -1.0 236.95 416.07 -1.0 -1.0 870.13 -1.0 267.80 -1.0 -1.0 -1.0 -1.0 -1.0 -1.0 -1.0 -1.0 -1.0 -1.0 -1.0 114.24 803.49 -1.0 -1.0 -1.0 -1.0 148.65 -1.0 -1.0 0.00 -1.0 -1.0 140.77 -1.0 -1.0 -1.0 -1.0 -1.0 -1.0 -1.0 -1.0 19.34 952.37 -1.0 -1.0 -1.0 -1.0 -1.0 
XCL -1.0 -1.0 -1.0 -1.0 -1.0 -1.0 766.78 -1.0 -1.0 -1.0 -1.0 -1.0 -1.0 -1.0 -1.0 -1.0 863.85 -1.0 402.00 -1.0 -1.0 -1.0 -1.0 -1.0 -1.0 146.74 -1.0 -1.0 -1.0 -1.0 -1.0 -1.0 -1.0 -1.0 628.75 239.40 -1.0 -1.0 368.36 -1.0 -1.0 -1.0 -1.0 185.33 289.85 -1.0 -1.0 -1.0 -1.0 -1.0 -1.0 -1.0 -1.0 -1.0 -1.0 -1.0 -1.0 -1.0 -1.0 363.77 -1.0 -1.0 -1.0 -1.0 -1.0 -1.0 -1.0 -1.0 -1.0 -1.0 -1.0 -1.0 -1.0 952.50 -1.0 -1.0 -1.0 -1.0 -1.0 -1.0 -1.0 -1.0 0.00 -1.0 -1.0 -1.0 -1.0 335.24 -1.0 -1.0 -1.0 925.12 -1.0 -1.0 -1.0 -1.0 -1.0 -1.0 -1.0 -1.0 
CRR -1.0 -1.0 -1.0 -1.0 -1.0 -1.0 -1.0 -1.0 -1.0 -1.0 21.14 -1.0 345.67 787.61 -1.0 -1.0 314.34 -1.0 -1.0 -1.0 -1.0 -1.0 501.01 -1.0 -1.0 -1.0 516.25 -1.0 491.04 908.10 -1.0 948.58 -1.0 -1.0 -1.0 -1.0 -1.0 -1.0 -1.0 -1.0 -1.0 58.70 -1.0 -1.0 -1.0 -1.0 -1.0 -1.0 -1.0 408.61 -1.0 -1.0 -1.0 -1.0 -1.0 -1.0 938.44 561.00 -1.0 428.89 -1.0 -1.0 -1.0 -1.0 -1.0 -1.0 -1.0 -1.0 -1.0 -1.0 -1.0 -1.0 -1.0 -1.0 -1.0 -1.0 -1.0 -1.0 -1.0 -1.0 -1.0 -1.0 595.82 0.00 -1.0 -1.0 -1.0 -1.0 -1.0 -1.0 -1.0 -1.0 -1.0 -1.0 87.19 640.03 -1.0 -1.0 -1.0 -1.0 
ORH -1.0 -1.0 -1.0 -1.0 -1.0 894.05 -1.0 311.76 -1.0 -1.0 -1.0 -1.0 -1.0 -1.0 -1.0 -1.0 987.84 -1.0 -1.0 -1.0 -1.0 -1.0 102.24 -1.0 -1.0 -1.0 -1.0 483.75 -1.0 -1.0 595.83 89.18 -1.0 -1.0 -1.0 -1.0 -1.0 -1.0 -1.0 -1.0 -1.0 -1.0 -1.0 -1.0 -1.0 -1.0 -1.0 -1.0 -1.0 -1.0 -1.0 -1.0 -1.0 -1.0 -1.0 801.75 316.54 -1.0 -1.0 -1.0 -1.0 -1.0 -1.0 -1.0 -1.0 -1.0 320.61 -1.0 -1.0 -1.0 586.87 -1.0 -1.0 -1.0 -1.0 -1.0 -1.0 576.06 -1.0 -1.0 -1.0 -1.0 -1.0 -1.0 0.00 731.07 577.62 146.34 471.02 505.48 401.69 -1.0 -1.0 -1.0 -1.0 -1.0 659.32 -1.0 -1.0 879.14 
LLG -1.0 -1.0 -1.0 405.19 -1.0 -1.0 -1.0 -1.0 -1.0 26.96 -1.0 -1.0 -1.0 -1.0 -1.0 -1.0 -1.0 -1.0 774.01 -1.0 -1.0 -1.0 -1.0 -1.0 -1.0 363.08 241.75 -1.0 13.73 -1.0 -1.0 -1.0 -1.0 -1.0 -1.0 -1.0 -1.0 -1.0 -1.0 -1.0 -1.0 841.77 -1.0 188.89 -1.0 -1.0 371.80 67.84 -1.0 -1.0 -1.0 -1.0 -1.0 -1.0 -1.0 -1.0 -1.0 -1.0 -1.0 -1.0 -1.0 337.47 -1.0 -1.0 -1.0 -1.0 -1.0 -1.0 -1.0 -1.0 -1.0 -1.0 -1.0 -1.0 -1.0 -1.0 -1.0 583.66 -1.0 -1.0 -1.0 291.50 978.10 -1.0 471.50 0.00 -1.0 -1.0 -1.0 -1.0 -1.0 -1.0 -1.0 -1.0 -1.0 -1.0 575.36 -1.0 -1.0 -1.0 
PTL -1.0 988.51 204.96 -1.0 -1.0 -1.0 -1.0 -1.0 -1.0 924.44 -1.0 19.59 891.61 -1.0 -1.0 -1.0 -1.0 -1.0 -1.0 365.05 -1.0 216.29 -1.0 895.81 -1.0 944.29 -1.0 309.76 223.87 -1.0 -1.0 372.77 -1.0 -1.0 -1.0 -1.0 -1.0 -1.0 -1.0 -1.0 -1.0 -1.0 -1.0 -1.0 -1.0 -1.0 -1.0 -1.0 -1.0 -1.0 -1.0 -1.0 -1.0 -1.0 960.02 471.61 191.40 -1.0 -1.0 -1.0 -1.0 -1.0 -1.0 393.44 434.48 -1.0 -1.0 -1.0 -1.0 -1.0 -1.0 -1.0 -1.0 -1.0 -1.0 -1.0 -1.0 -1.0 -1.0 -1.0 -1.0 -1.0 658.54 -1.0 -1.0 -1.0 0.00 524.10 -1.0 715.38 680.39 -1.0 799.14 -1.0 -1.0 -1.0 -1.0 545.32 -1.0 -1.0 
LTP 544.87 -1.0 -1.0 -1.0 723.93 -1.0 -1.0 -1.0 -1.0 988.05 -1.0 -1.0 -1.0 -1.0 -1.0 -1.0 -1.0 -1.0 -1.0 405.15 -1.0 -1.0 -1.0 363.97 -1.0 -1.0 -1.0 -1.0 -1.0 -1.0 -1.0 -1.0 -1.0 -1.0 -1.0 -1.0 -1.0 -1.0 -1.0 -1.0 -1.0 53.78 -1.0 -1.0 129.27 -1.0 -1.0 -1.0 -1.0 -1.0 -1.0 -1.0 -1.0 390.72 -1.0 206.10 829.75 59.01 976.58 -1.0 -1.0 -1.0 -1.0 -1.0 784.43 -1.0 392.55 -1.0 -1.0 -1.0 -1.0 -1.0 -1.0 -1.0 -1.0 -1.0 -1.0 -1.0 -1.0 -1.0 -1.0 -1.0 22.75 -1.0 101.26 -1.0 -1.0 0.00 -1.0 -1.0 445.43 -1.0 -1.0 -1.0 -1.0 111.90 10.77 -1.0 -1.0 -1.0 
YNB -1.0 697.64 -1.0 210.91 -1.0 -1.0 -1.0 -1.0 -1.0 835.58 -1.0 -1.0 -1.0 -1.0 -1.0 -1.0 802.38 -1.0 -1.0 -1.0 -1.0 521.27 -1.0 -1.0 -1.0 -1.0 -1.0 49.34 -1.0 76.71 -1.0 -1.0 -1.0 -1.0 -1.0 -1.0 -1.0 -1.0 -1.0 -1.0 -1.0 -1.0 -1.0 -1.0 -1.0 93.04 -1.0 -1.0 -1.0 -1.0 -1.0 -1.0 -1.0 633.44 -1.0 114.00 -1.0 829.03 -1.0 -1.0 -1.0 -1.0 -1.0 -1.0 -1.0 -1.0 -1.0 -1.0 715.20 -1.0 -1.0 -1.0 198.07 -1.0 -1.0 -1.0 -1.0 -1.0 713.43 -1.0 -1.0 -1.0 334.52 -1.0 -1.0 -1.0 -1.0 -1.0 0.00 -1.0 -1.0 -1.0 -1.0 -1.0 -1.0 -1.0 -1.0 -1.0 -1.0 -1.0 
EFP -1.0 -1.0 -1.0 365.37 -1.0 -1.0 -1.0 -1.0 368.11 -1.0 808.91 -1.0 -1.0 -1.0 -1.0 -1.0 -1.0 -1.0 944.65 -1.0 -1.0 -1.0 -1.0 -1.0 -1.0 251.44 -1.0 -1.0 -1.0 347.55 -1.0 -1.0 -1.0 -1.0 -1.0 -1.0 -1.0 44.76 -1.0 -1.0 39.43 -1.0 -1.0 -1.0 -1.0 607.93 -1.0 258.36 -1.0 -1.0 -1.0 610.76 -1.0 -1.0 -1.0 -1.0 -1.0 441.45 -1.0 -1.0 -1.0 -1.0 -1.0 -1.0 -1.0 -1.0 -1.0 -1.0 963.59 533.36 -1.0 -1.0 -1.0 714.06 -1.0 -1.0 -1.0 -1.0 -1.0 -1.0 -1.0 -1.0 -1.0 419.48 -1.0 818.45 -1.0 -1.0 -1.0 0.00 -1.0 -1.0 -1.0 -1.0 -1.0 -1.0 -1.0 656.87 -1.0 -1.0 
JHR -1.0 -1.0 -1.0 -1.0 -1.0 -1.0 -1.0 -1.0 -1.0 344.69 -1.0 -1.0 -1.0 -1.0 548.28 -1.0 -1.0 -1.0 950.16 -1.0 766.49 -1.0 -1.0 -1.0 -1.0 -1.0 -1.0 -1.0 -1.0 -1.0 -1.0 -1.0 -1.0 -1.0 -1.0 35.33 -1.0 -1.0 -1.0 719.84 -1.0 -1.0 332.80 -1.0 -1.0 -1.0 -1.0 -1.0 -1.0 -1.0 841.64 -1.0 602.84 -1.0 -1.0 -1.0 -1.0 259.81 -1.0 -1.0 829.73 -1.0 -1.0 -1.0 -1.0 -1.0 -1.0 -1.0 -1.0 -1.0 -1.0 -1.0 -1.0 -1.0 -1.0 -1.0 -1.0 -1.0 -1.0 -1.0 -1.0 -1.0 -1.0 -1.0 236.29 -1.0 -1.0 -1.0 478.26 -1.0 0.00 -1.0 -1.0 -1.0 379.60 -1.0 -1.0 325.08 636.37 -1.0 
ZHI -1.0 574.53 -1.0 -1.0 537.96 -1.0 -1.0 695.66 -1.0 -1.0 -1.0 -1.0 416.60 -1.0 -1.0 -1.0 -1.0 -1.0 -1.0 -1.0 -1.0 -1.0 -1.0 -1.0 -1.0 -1.0 -1.0 -1.0 282.32 -1.0 -1.0 82.18 -1.0 -1.0 733.45 -1.0 -1.0 -1.0 -1.0 679.19 -1.0 -1.0 -1.0 -1.0 165.23 -1.0 -1.0 -1.0 426.14 -1.0 -1.0 226.47 -1.0 -1.0 -1.0 370.17 -1.0 -1.0 -1.0 820.44 -1.0 -1.0 -1.0 -1.0 -1.0 277.96 -1.0 -1.0 -1.0 -1.0 -1.0 -1.0 -1.0 -1.0 854.84 -1.0 -1.0 -1.0 -1.0 -1.0 -1.0 -1.0 -1.0 -1.0 -1.0 -1.0 -1.0 -1.0 -1.0 -1.0 -1.0 0.00 -1.0 -1.0 237.04 -1.0 -1.0 -1.0 -1.0 -1.0 
VYA -1.0 -1.0 532.21 -1.0 -1.0 -1.0 -1.0 -1.0 378.93 274.32 329.77 -1.0 465.66 120.58 290.99 -1.0 -1.0 758.69 366.12 -1.0 -1.0 -1.0 -1.0 854.54 -1.0 -1.0 880.02 -1.0 -1.0 -1.0 -1.0 -1.0 -1.0 117.83 -1.0 749.43 -1.0 -1.0 703.30 -1.0 -1.0 -1.0 943.29 -1.0 -1.0 -1.0 -1.0 773.91 -1.0 -1.0 -1.0 210.17 -1.0 -1.0 -1.0 48.15 -1.0 -1.0 -1.0 461.35 68.85 -1.0 638.69 -1.0 -1.0 414.45 -1.0 -1.0 -1.0 -1.0 -1.0 -1.0 923.27 -1.0 120.94 -1.0 289.00 -1.0 633.13 -1.0 -1.0 -1.0 -1.0 536.95 990.38 752.55 -1.0 -1.0 -1.0 543.58 -1.0 728.57 0.00 -1.0 -1.0 -1.0 -1.0 -1.0 -1.0 730.48 
MOI -1.0 -1.0 -1.0 -1.0 -1.0 -1.0 -1.0 -1.0 -1.0 -1.0 539.69 -1.0 -1.0 -1.0 -1.0 -1.0 -1.0 -1.0 -1.0 -1.0 -1.0 -1.0 -1.0 648.83 -1.0 987.83 -1.0 -1.0 -1.0 -1.0 -1.0 -1.0 -1.0 -1.0 -1.0 -1.0 -1.0 -1.0 394.85 -1.0 225.09 -1.0 -1.0 -1.0 -1.0 22.26 -1.0 -1.0 -1.0 -1.0 -1.0 -1.0 -1.0 -1.0 -1.0 -1.0 -1.0 54.73 -1.0 -1.0 357.31 -1.0 -1.0 -1.0 738.71 -1.0 18.97 160.40 -1.0 -1.0 -1.0 -1.0 -1.0 -1.0 -1.0 -1.0 -1.0 -1.0 -1.0 -1.0 -1.0 -1.0 -1.0 -1.0 -1.0 -1.0 272.28 -1.0 -1.0 -1.0 -1.0 -1.0 -1.0 0.00 -1.0 -1.0 -1.0 -1.0 -1.0 862.31 
GKP -1.0 -1.0 282.04 -1.0 -1.0 -1.0 -1.0 -1.0 -1.0 -1.0 -1.0 137.37 -1.0 -1.0 -1.0 -1.0 -1.0 64.61 990.39 -1.0 -1.0 539.83 -1.0 463.23 -1.0 -1.0 -1.0 -1.0 647.40 -1.0 -1.0 592.12 -1.0 481.75 119.71 235.73 -1.0 -1.0 -1.0 851.14 -1.0 -1.0 -1.0 -1.0 -1.0 -1.0 935.36 -1.0 56.93 -1.0 -1.0 -1.0 44.11 -1.0 -1.0 -1.0 948.40 -1.0 -1.0 904.58 -1.0 -1.0 -1.0 -1.0 127.73 -1.0 -1.0 955.45 -1.0 -1.0 -1.0 -1.0 -1.0 -1.0 -1.0 -1.0 -1.0 -1.0 -1.0 950.43 -1.0 -1.0 -1.0 256.44 -1.0 -1.0 933.28 -1.0 -1.0 31.33 361.41 -1.0 -1.0 -1.0 0.00 526.75 326.57 -1.0 -1.0 -1.0 
SKH 293.80 851.52 -1.0 866.80 -1.0 -1.0 743.14 -1.0 -1.0 -1.0 -1.0 -1.0 -1.0 -1.0 -1.0 -1.0 -1.0 421.19 -1.0 617.31 -1.0 641.96 -1.0 -1.0 -1.0 -1.0 -1.0 -1.0 -1.0 -1.0 159.88 -1.0 -1.0 -1.0 116.09 -1.0 -1.0 -1.0 -1.0 -1.0 38.91 -1.0 -1.0 -1.0 -1.0 944.07 -1.0 852.56 194.22 -1.0 -1.0 -1.0 735.03 125.72 -1.0 -1.0 -1.0 -1.0 -1.0 458.70 -1.0 -1.0 -1.0 752.82 988.37 -1.0 -1.0 -1.0 171.68 -1.0 -1.0 -1.0 -1.0 -1.0 572.03 -1.0 -1.0 903.63 626.32 -1.0 524.66 -1.0 -1.0 383.68 -1.0 -1.0 -1.0 -1.0 873.65 -1.0 -1.0 -1.0 -1.0 -1.0 -1.0 0.00 -1.0 -1.0 -1.0 -1.0 
MOY -1.0 -1.0 -1.0 -1.0 -1.0 -1.0 408.09 -1.0 -1.0 -1.0 -1.0 -1.0 -1.0 -1.0 -1.0 -1.0 174.15 -1.0 -1.0 -1.0 -1.0 -1.0 -1.0 -1.0 956.52 -1.0 -1.0 -1.0 -1.0 -1.0 -1.0 -1.0 -1.0 -1.0 82.52 -1.0 -1.0 -1.0 -1.0 -1.0 -1.0 -1.0 -1.0 -1.0 41.13 -1.0 974.21 -1.0 -1.0 -1.0 146.25 -1.0 -1.0 -1.0 -1.0 -1.0 -1.0 -1.0 -1.0 -1.0 -1.0 -1.0 -1.0 -1.0 -1.0 -1.0 -1.0 -1.0 362.68 -1.0 -1.0 -1.0 -1.0 -1.0 -1.0 -1.0 33.12 -1.0 -1.0 739.26 -1.0 -1.0 -1.0 821.94 -1.0 -1.0 -1.0 47.57 -1.0 -1.0 -1.0 294.86 -1.0 -1.0 290.18 -1.0 0.00 -1.0 -1.0 -1.0 
EPD -1.0 -1.0 -1.0 -1.0 208.98 -1.0 -1.0 -1.0 -1.0 958.35 -1.0 -1.0 -1.0 -1.0 -1.0 -1.0 -1.0 -1.0 -1.0 295.36 -1.0 -1.0 692.24 -1.0 889.21 -1.0 -1.0 560.86 -1.0 -1.0 -1.0 626.80 302.50 -1.0 529.99 -1.0 -1.0 -1.0 -1.0 -1.0 -1.0 -1.0 -1.0 -1.0 702.93 -1.0 -1.0 -1.0 -1.0 -1.0 -1.0 -1.0 -1.0 -1.0 -1.0 -1.0 369.64 830.98 -1.0 -1.0 -1.0 -1.0 -1.0 -1.0 -1.0 -1.0 -1.0 -1.0 -1.0 -1.0 -1.0 622.26 -1.0 36.65 -1.0 -1.0 -1.0 -1.0 555.04 -1.0 -1.0 -1.0 -1.0 -1.0 -1.0 302.16 -1.0 -1.0 -1.0 -1.0 -1.0 -1.0 672.49 -1.0 -1.0 -1.0 882.33 0.00 -1.0 -1.0 
LVE -1.0 -1.0 -1.0 -1.0 357.18 -1.0 -1.0 -1.0 -1.0 -1.0 -1.0 -1.0 -1.0 -1.0 -1.0 -1.0 -1.0 391.00 -1.0 -1.0 -1.0 353.69 836.12 725.82 -1.0 -1.0 352.57 584.36 -1.0 -1.0 662.30 -1.0 -1.0 769.85 -1.0 -1.0 -1.0 -1.0 -1.0 737.18 -1.0 -1.0 -1.0 -1.0 -1.0 -1.0 520.18 48.98 -1.0 -1.0 -1.0 -1.0 -1.0 113.35 -1.0 -1.0 -1.0 -1.0 -1.0 -1.0 -1.0 -1.0 -1.0 321.05 -1.0 305.84 -1.0 -1.0 -1.0 -1.0 -1.0 -1.0 -1.0 -1.0 -1.0 -1.0 -1.0 -1.0 -1.0 -1.0 -1.0 -1.0 -1.0 -1.0 447.46 -1.0 -1.0 -1.0 598.68 -1.0 -1.0 40.41 190.00 53.38 -1.0 -1.0 -1.0 -1.0 0.00 122.31 
DFA -1.0 -1.0 -1.0 -1.0 -1.0 -1.0 -1.0 -1.0 -1.0 -1.0 866.71 -1.0 -1.0 -1.0 -1.0 -1.0 -1.0 -1.0 -1.0 -1.0 -1.0 -1.0 -1.0 -1.0 -1.0 -1.0 -1.0 -1.0 761.08 -1.0 -1.0 -1.0 -1.0 499.27 -1.0 -1.0 189.65 -1.0 501.80 -1.0 -1.0 13.08 -1.0 -1.0 -1.0 -1.0 -1.0 -1.0 -1.0 -1.0 -1.0 -1.0 -1.0 -1.0 247.14 -1.0 -1.0 -1.0 655.31 -1.0 -1.0 -1.0 -1.0 -1.0 -1.0 -1.0 220.15 -1.0 -1.0 -1.0 447.10 -1.0 -1.0 -1.0 813.09 -1.0 -1.0 -1.0 -1.0 -1.0 -1.0 -1.0 -1.0 -1.0 -1.0 -1.0 -1.0 -1.0 -1.0 -1.0 425.82 -1.0 -1.0 -1.0 -1.0 865.20 -1.0 -1.0 -1.0 0.00