100
CTW 0.00 23.73 833.68 596.47 646.04 465.51 -1.0 214.10 395.15 986.71 476.51 -1.0 804.96 132.55 665.83 61.48 454.75 -1.0 -1.0 -1.0 78.14 -1.0 205.35 351.61 36.26 797.72 -1.0 282.32 990.28 925.88 671.76 -1.0 225.07 -1.0 743.78 352.57 319.11 -1.0 467.87 594.59 214.14 -1.0 91.95 994.93 -1.0 458.42 741.04 753.88 563.50 269.25 -1.0 775.62 767.22 978.62 -1.0 639.03 419.85 782.85 972.64 392.20 640.40 652.42 727.56 993.94 408.45 895.01 -1.0 438.04 292.00 929.53 64.59 611.56 370.66 676.20 243.23 559.39 120.85 672.14 860.87 -1.0 143.85 807.49 627.40 -1.0 27.79 119.78 142.19 988.45 822.89 -1.0 -1.0 492.19 901.70 280.78 292.73 180.52 305.95 774.98 -1.0 107.04 
VIY -1.0 0.00 759.78 491.01 563.19 353.08 559.21 328.73 901.02 817.53 81.74 -1.0 -1.0 736.70 271.85 278.64 146.62 566.69 658.03 72.46 236.91 6.61 -1.0 777.19 146.94 672.80 852.67 -1.0 -1.0 -1.0 772.75 -1.0 103.01 160.06 24.00 337.63 261.65 257.19 122.59 760.12 -1.0 592.43 56.99 506.72 -1.0 863.02 221.59 -1.0 397.92 871.34 721.81 51.35 774.93 -1.0 336.67 506.65 638.07 591.01 243.24 420.19 664.93 839.18 215.67 440.84 462.71 57.84 539.21 271.55 284.07 -1.0 509.37 390.39 384.31 -1.0 683.84 850.72 975.36 555.26 344.25 458.10 407.50 571.64 475.37 842.14 894.81 980.39 33.63 809.01 945.58 618.82 621.90 -1.0 58.54 231.39 491.69 -1.0 246.49 123.39 685.50 -1.0 
YXE -1.0 434.20 0.00 -1.0 186.04 441.45 854.95 460.07 668.57 326.99 -1.0 16.41 106.91 538.54 343.02 -1.0 -1.0 943.96 163.04 500.27 238.53 346.59 40.78 474.21 -1.0 831.51 -1.0 206.17 129.57 -1.0 204.32 984.49 674.63 986.19 885.41 964.61 84.03 628.52 288.37 525.51 93.76 764.02 191.87 594.06 481.97 11.01 766.49 -1.0 921.48 576.94 420.99 990.90 -1.0 336.99 -1.0 877.49 -1.0 13.36 74.80 847.33 259.19 77.40 659.56 216.16 254.22 -1.0 -1.0 381.15 520.92 638.53 478.24 181.26 659.67 383.45 422.56 -1.0 -1.0 477.03 540.91 485.31 139.58 584.50 273.06 227.12 292.34 886.33 369.16 463.52 44.14 175.04 10.98 757.11 -1.0 -1.0 390.98 -1.0 142.71 992.52 653.55 368.92 
TVL 354.75 42.65 224.99 0.00 849.25 -1.0 554.11 35.20 -1.0 -1.0 132.28 -1.0 55.99 296.51 869.00 829.74 374.24 -1.0 411.11 509.08 168.24 -1.0 90.44 -1.0 557.71 763.50 139.99 88.33 -1.0 8.03 849.67 138.74 837.43 882.21 250.66 978.56 -1.0 -1.0 262.92 79.69 848.74 73.65 -1.0 786.54 275.80 661.13 796.48 456.83 375.13 28.33 174.00 -1.0 253.43 404.91 892.38 -1.0 400.56 335.99 624.17 817.23 -1.0 -1.0 -1.0 371.50 -1.0 586.11 60.38 796.12 318.88 944.70 917.23 159.90 742.53 60.44 375.86 223.64 253.70 776.73 444.51 8.84 827.60 475.58 -1.0 306.52 -1.0 167.40 444.54 19.83 -1.0 499.79 330.20 996.27 698.88 726.80 873.51 615.43 778.56 -1.0 222.09 395.35 
RAY -1.0 180.56 302.71 357.40 0.00 805.59 -1.0 -1.0 178.64 26.15 875.01 400.62 -1.0 642.82 362.23 51.49 518.56 996.85 -1.0 848.90 571.85 324.39 709.95 986.17 480.03 -1.0 233.04 -1.0 995.98 565.34 -1.0 -1.0 -1.0 152.02 -1.0 540.15 754.61 312.11 694.59 959.18 924.12 563.53 -1.0 66.70 445.22 938.51 -1.0 -1.0 447.56 -1.0 -1.0 756.72 809.64 879.85 874.38 -1.0 870.69 215.92 306.65 476.80 789.10 259.97 -1.0 641.36 857.95 66.11 863.95 56.68 181.46 23.37 215.73 261.24 480.90 243.60 -1.0 892.30 -1.0 831.42 365.70 74.13 471.15 56.03 48.48 172.73 587.60 -1.0 375.55 190.08 862.25 373.50 361.19 955.94 360.41 782.82 899.92 263.93 30.57 27.66 -1.0 825.43 
ODC 603.55 315.65 764.60 124.17 238.07 0.00 16.07 936.44 692.29 404.68 -1.0 433.14 275.33 -1.0 639.69 889.36 226.27 573.61 931.03 88.43 529.54 891.37 -1.0 370.73 170.43 465.82 532.41 41.79 322.40 809.81 548.92 -1.0 -1.0 629.78 -1.0 141.92 998.59 562.46 171.70 760.01 -1.0 60.04 -1.0 -1.0 222.60 363.30 776.43 -1.0 212.44 -1.0 589.87 220.58 937.38 363.79 390.13 563.84 361.73 3.42 -1.0 -1.0 471.58 803.41 590.51 606.38 -1.0 -1.0 467.54 -1.0 477.40 210.91 930.80 699.26 -1.0 414.42 305.00 785.61 703.89 -1.0 930.69 -1.0 811.71 366.65 335.27 657.27 952.90 782.58 -1.0 620.48 185.58 561.06 -1.0 857.22 -1.0 534.50 993.32 -1.0 633.54 -1.0 -1.0 670.98 
IPX 302.30 569.88 -1.0 217.96 78.98 306.59 0.00 394.98 796.47 625.67 -1.0 156.22 633.71 446.69 869.87 296.86 529.83 607.56 839.82 560.82 736.68 126.99 -1.0 -1.0 -1.0 965.86 235.95 584.46 179.38 888.15 -1.0 963.66 141.54 251.22 630.86 -1.0 552.57 -1.0 152.80 -1.0 362.71 117.86 576.68 415.27 74.22 952.34 475.61 878.64 936.73 303.02 -1.0 558.35 -1.0 650.91 260.11 52.54 -1.0 784.97 275.05 200.79 561.26 552.98 959.17 200.70 149.73 160.85 71.33 81.83 750.16 452.08 478.95 663.18 664.43 -1.0 463.97 433.35 -1.0 91.41 358.86 497.59 884.14 186.26 475.78 -1.0 -1.0 -1.0 921.26 250.18 681.62 902.07 17.45 697.48 -1.0 944.41 343.84 820.80 -1.0 -1.0 474.53 539.39 
QXW 179.61 632.02 129.63 71.58 117.33 -1.0 972.41 0.00 117.39 496.02 -1.0 -1.0 431.80 542.33 86.56 171.80 -1.0 676.29 998.68 300.38 53.81 836.61 341.54 852.63 171.79 998.83 4.32 294.82 623.82 574.50 938.31 954.40 -1.0 -1.0 -1.0 -1.0 404.47 952.65 856.91 725.06 169.37 954.44 249.41 48.36 285.34 -1.0 793.56 547.62 966.38 308.23 -1.0 -1.0 376.16 -1.0 976.71 686.68 257.06 751.73 655.81 -1.0 670.35 198.72 237.04 966.75 744.72 691.41 -1.0 694.54 -1.0 247.88 -1.0 678.25 163.24 678.28 829.86 829.72 813.80 621.15 46.07 135.54 -1.0 510.59 257.91 503.94 -1.0 -1.0 -1.0 -1.0 577.55 528.71 207.33 903.28 373.13 498.42 469.76 842.53 90.21 779.59 451.18 72.76 
CUE 96.04 519.93 8.00 775.81 856.86 -1.0 359.65 662.68 0.00 93.62 624.34 433.40 443.19 241.91 -1.0 467.08 330.00 175.99 -1.0 775.29 -1.0 -1.0 558.41 -1.0 848.96 561.62 485.40 652.72 545.71 -1.0 452.33 913.92 642.57 -1.0 546.95 303.50 166.81 887.40 658.16 17.87 34.22 796.64 240.74 -1.0 646.53 532.37 295.22 119.73 -1.0 123.82 900.03 -1.0 827.51 -1.0 142.99 -1.0 -1.0 481.77 -1.0 938.45 -1.0 -1.0 780.51 929.55 345.84 354.38 -1.0 820.11 380.80 950.70 950.35 702.69 64.50 739.53 795.54 -1.0 448.74 232.08 -1.0 940.79 787.60 953.34 321.25 557.09 27.24 728.42 935.23 -1.0 414.59 -1.0 896.98 112.46 831.64 178.66 650.14 478.94 544.12 -1.0 105.45 337.18 
SDC 273.58 742.39 897.91 708.04 65.05 -1.0 376.72 146.59 41.27 0.00 156.13 826.69 -1.0 735.19 214.61 253.10 996.58 -1.0 271.22 -1.0 293.16 950.42 464.80 -1.0 850.14 -1.0 -1.0 -1.0 600.91 -1.0 -1.0 478.83 221.85 550.10 418.17 466.28 75.15 493.23 496.44 710.81 441.40 677.38 750.22 -1.0 73.36 823.93 134.64 708.50 -1.0 357.66 447.28 564.68 642.23 449.14 -1.0 87.90 864.02 396.90 167.57 530.45 507.71 17.27 319.20 181.44 958.62 167.41 7.39 227.03 110.77 -1.0 886.22 649.41 432.04 242.12 179.78 29.59 640.44 294.61 729.54 848.20 157.66 922.85 -1.0 682.52 547.83 597.13 -1.0 546.58 -1.0 319.61 760.91 -1.0 974.21 -1.0 492.75 -1.0 -1.0 471.51 -1.0 571.10 
DFW 430.52 94.49 693.86 -1.0 235.21 270.13 406.59 370.86 205.30 857.34 0.00 625.22 122.63 334.01 412.30 567.41 48.94 747.02 34.31 907.84 446.26 -1.0 601.44 835.23 563.51 96.96 834.79 607.50 637.06 753.71 898.32 -1.0 823.76 953.40 107.84 984.51 102.71 44.07 -1.0 -1.0 -1.0 -1.0 673.61 967.82 209.17 930.34 328.97 152.24 5.55 -1.0 644.65 239.36 719.86 945.01 -1.0 828.95 138.94 -1.0 962.61 583.81 866.36 723.77 540.12 330.32 -1.0 407.59 404.39 475.54 346.59 967.74 975.25 96.03 -1.0 474.98 365.54 642.09 828.39 -1.0 471.43 301.10 433.73 69.17 44.82 48.70 661.68 902.78 611.64 249.06 674.96 -1.0 909.88 -1.0 720.97 130.39 40.03 56.82 238.92 866.16 843.78 -1.0 
JSD 379.53 231.20 698.02 669.68 -1.0 815.20 -1.0 581.80 107.79 260.27 349.15 0.00 16.41 -1.0 771.19 653.31 852.70 484.20 801.75 930.63 535.65 959.55 419.72 -1.0 575.87 516.32 693.25 761.06 -1.0 139.00 282.06 950.34 -1.0 374.86 656.40 182.04 742.24 355.57 378.24 229.07 370.22 -1.0 543.27 -1.0 101.07 509.46 425.93 146.30 311.80 942.53 -1.0 904.46 -1.0 334.22 -1.0 126.71 262.63 997.75 -1.0 76.01 270.76 978.29 -1.0 542.11 521.79 798.94 221.64 986.35 796.61 249.81 -1.0 264.52 463.39 251.67 77.54 30.25 863.77 109.30 711.29 333.31 -1.0 523.42 645.11 505.90 358.09 671.95 562.12 266.04 362.25 -1.0 641.48 511.60 211.57 182.46 626.01 172.15 801.19 13.46 411.37 233.66 
IHY 639.68 880.16 768.10 812.48 449.40 236.09 561.72 803.21 721.04 -1.0 709.64 728.43 0.00 206.28 661.25 -1.0 343.78 859.76 384.96 -1.0 800.65 450.86 219.11 551.54 308.95 444.15 90.74 -1.0 743.71 595.39 -1.0 -1.0 978.68 904.96 346.84 561.61 203.12 747.58 146.99 901.12 511.10 286.45 -1.0 288.26 881.56 660.46 895.77 902.31 -1.0 -1.0 8.53 571.47 -1.0 696.92 202.66 689.41 519.81 257.72 697.35 388.28 396.39 281.33 220.06 403.50 347.27 -1.0 -1.0 137.81 265.15 345.23 333.39 -1.0 971.95 438.58 828.43 137.48 166.55 637.33 540.11 -1.0 110.57 865.89 -1.0 592.63 535.49 63.42 198.23 31.96 921.97 53.95 694.07 495.26 911.22 620.19 256.94 -1.0 191.56 666.38 482.09 -1.0 
ZJN 526.85 692.28 825.58 150.16 816.68 530.31 346.71 64.61 611.22 952.04 -1.0 256.99 651.78 0.00 -1.0 800.30 290.06 848.83 626.04 107.98 809.84 -1.0 993.52 293.27 644.02 244.77 954.50 150.54 966.02 623.86 362.51 -1.0 779.65 871.33 167.63 212.51 792.68 310.78 336.69 604.11 831.47 -1.0 994.23 -1.0 900.88 -1.0 838.24 901.36 178.57 994.92 790.46 71.63 97.07 948.08 645.78 -1.0 27.09 -1.0 746.06 308.31 699.45 651.93 589.50 401.12 134.92 124.71 86.15 -1.0 984.14 -1.0 55.31 666.70 -1.0 314.86 734.82 309.91 792.46 40.34 484.49 762.70 57.72 750.96 71.42 588.29 -1.0 155.10 706.17 69.86 46.36 388.75 -1.0 616.47 757.90 -1.0 469.40 -1.0 -1.0 -1.0 -1.0 -1.0 
KME 561.38 -1.0 309.89 172.03 47.59 528.64 910.04 3.85 424.06 -1.0 274.95 213.80 351.73 336.50 0.00 -1.0 599.19 998.19 137.33 154.43 677.18 290.47 659.22 160.85 715.45 824.10 20.50 469.19 603.25 762.33 953.80 310.36 885.74 26.08 -1.0 22.75 341.80 762.32 586.90 579.83 615.30 69.87 788.47 338.86 559.55 402.59 492.23 503.35 888.48 381.60 493.59 -1.0 769.83 -1.0 -1.0 395.95 816.47 -1.0 820.38 -1.0 598.40 901.86 119.24 785.54 149.30 300.84 87.41 -1.0 237.45 287.83 121.22 426.70 756.46 816.58 226.53 437.99 -1.0 295.53 739.95 897.82 263.97 923.51 735.83 483.37 -1.0 236.86 -1.0 -1.0 650.37 436.42 849.58 801.96 790.72 569.55 979.20 121.72 694.40 -1.0 682.58 947.82 
WDP 838.28 905.95 251.04 189.49 345.53 226.77 494.30 376.21 667.07 489.33 -1.0 959.56 605.70 -1.0 -1.0 0.00 509.34 311.95 909.80 823.82 -1.0 -1.0 241.62 544.14 131.13 991.45 922.73 -1.0 714.52 624.46 936.00 766.32 817.99 23.98 -1.0 290.71 -1.0 -1.0 782.14 650.98 716.07 -1.0 411.36 757.49 137.00 -1.0 -1.0 -1.0 845.84 852.44 836.23 949.45 316.13 262.07 -1.0 125.16 -1.0 181.68 616.80 243.68 785.10 670.61 13.65 96.17 -1.0 287.44 66.81 416.34 641.31 586.75 943.25 470.82 501.31 591.66 -1.0 11.12 290.59 837.19 279.04 538.08 448.25 882.00 655.78 729.75 354.89 905.03 276.12 202.20 -1.0 876.27 449.74 647.75 384.46 295.98 285.99 281.52 495.28 985.57 290.86 142.69 
RSE 152.47 380.76 312.10 945.04 -1.0 334.01 186.10 11.45 474.08 875.92 -1.0 -1.0 604.53 203.14 467.16 758.44 0.00 32.56 681.10 201.23 437.97 198.90 638.02 125.91 559.45 -1.0 409.27 746.06 310.39 115.51 809.93 920.30 143.90 344.16 501.28 615.79 -1.0 731.08 430.85 970.46 660.07 914.99 578.52 657.65 940.46 774.40 -1.0 961.13 104.82 -1.0 137.99 452.66 -1.0 -1.0 265.87 182.37 401.64 16.68 364.46 -1.0 92.42 526.70 253.54 -1.0 624.15 -1.0 121.09 680.40 -1.0 885.01 267.04 853.79 114.72 925.62 662.99 -1.0 725.06 409.99 423.28 717.06 523.62 717.24 229.36 547.56 908.56 222.92 198.97 871.14 147.88 -1.0 97.30 111.03 282.01 207.52 -1.0 -1.0 523.64 434.37 -1.0 -1.0 
CMT 249.49 667.15 330.22 992.93 431.81 426.42 585.59 819.43 750.05 -1.0 -1.0 268.58 556.00 629.12 461.72 -1.0 841.20 0.00 586.27 265.29 693.69 946.42 202.78 9.36 222.30 -1.0 283.01 -1.0 756.54 -1.0 598.90 990.93 -1.0 980.84 425.22 884.34 727.13 643.05 -1.0 877.12 415.33 133.97 386.37 529.54 988.28 183.47 983.84 136.95 14.74 295.02 602.76 900.97 823.83 793.14 -1.0 -1.0 61.23 -1.0 618.51 460.16 -1.0 -1.0 905.78 366.17 -1.0 135.24 392.85 780.10 912.07 35.80 -1.0 607.79 170.94 947.50 -1.0 792.74 610.63 -1.0 -1.0 485.37 54.54 991.17 966.04 164.44 -1.0 289.29 137.84 -1.0 -1.0 384.14 184.30 -1.0 903.43 34.83 978.28 664.82 480.68 674.46 313.47 263.59 
LGE 436.81 110.54 989.52 -1.0 962.40 802.96 949.93 568.67 288.28 432.36 982.09 951.38 392.75 -1.0 149.82 -1.0 978.70 954.24 0.00 -1.0 258.53 241.61 839.29 738.12 -1.0 466.41 -1.0 173.39 79.41 238.39 61.66 151.59 679.55 -1.0 741.29 999.96 712.71 533.46 706.83 615.45 -1.0 93.37 543.68 -1.0 987.48 141.86 67.09 284.82 186.85 340.19 -1.0 -1.0 928.53 804.72 71.54 -1.0 957.35 476.43 214.46 695.45 -1.0 -1.0 -1.0 -1.0 322.96 -1.0 -1.0 -1.0 788.93 -1.0 365.96 304.35 958.06 625.25 289.14 939.03 949.00 990.45 48.94 -1.0 492.19 521.78 322.19 596.03 531.02 673.18 640.54 -1.0 692.73 107.74 617.79 355.79 564.82 400.27 539.73 -1.0 813.47 -1.0 968.43 868.10 
IQR 429.51 -1.0 85.81 148.31 627.57 -1.0 471.78 861.56 424.94 -1.0 722.17 314.34 -1.0 327.26 886.28 208.10 562.84 17.05 760.08 0.00 416.88 2.50 447.30 678.08 363.08 616.99 362.68 -1.0 174.38 143.53 578.71 757.85 -1.0 295.83 94.17 75.80 218.56 -1.0 484.75 906.83 530.60 863.08 389.29 38.48 -1.0 -1.0 310.16 871.13 833.17 -1.0 84.33 554.89 410.48 -1.0 360.69 723.65 860.00 -1.0 528.53 290.05 366.35 -1.0 -1.0 958.67 99.61 418.48 444.68 807.06 149.25 465.13 -1.0 -1.0 -1.0 -1.0 882.04 878.97 368.91 -1.0 247.67 992.54 514.06 415.52 972.69 -1.0 940.82 392.07 864.13 -1.0 -1.0 -1.0 993.78 603.70 -1.0 996.94 674.23 -1.0 803.30 305.35 785.14 595.21 
QIH -1.0 -1.0 17.13 -1.0 879.01 -1.0 124.87 687.61 -1.0 855.57 915.76 24.06 994.58 366.36 531.96 135.16 987.36 -1.0 357.42 843.96 0.00 324.26 -1.0 735.83 264.25 249.54 -1.0 282.24 620.15 533.03 152.03 952.88 646.67 30.21 -1.0 288.52 18.90 655.53 -1.0 154.92 870.28 483.03 231.51 -1.0 459.48 -1.0 822.65 -1.0 100.78 129.51 29.89 666.10 284.79 154.50 310.56 -1.0 370.71 230.98 660.09 251.14 282.57 375.44 867.34 519.36 266.50 231.44 559.62 417.46 337.52 303.41 98.41 304.44 582.35 377.59 96.42 -1.0 20.72 377.75 819.79 90.13 604.45 552.01 73.16 304.17 906.81 413.68 770.03 958.50 184.48 -1.0 658.62 -1.0 86.42 759.57 696.97 40.45 -1.0 172.03 254.07 108.25 
LOU 485.00 965.86 296.08 234.72 814.45 -1.0 825.94 390.64 491.52 898.65 755.97 248.11 -1.0 582.97 623.79 537.49 112.07 853.69 -1.0 694.93 409.71 0.00 172.51 362.98 480.03 -1.0 796.80 980.63 229.25 613.34 617.07 166.48 918.76 806.17 797.10 -1.0 798.59 826.24 -1.0 816.68 -1.0 -1.0 129.44 -1.0 745.47 402.04 529.63 73.19 895.89 82.07 370.63 223.42 223.71 927.78 994.64 291.82 119.28 513.71 -1.0 11.48 561.48 364.59 -1.0 325.46 940.30 -1.0 304.66 983.90 697.93 -1.0 223.79 705.33 220.74 -1.0 477.01 949.39 77.66 703.65 863.73 218.66 -1.0 665.86 -1.0 -1.0 -1.0 410.72 738.47 966.17 -1.0 819.58 366.42 328.59 -1.0 -1.0 896.68 455.34 -1.0 75.01 946.75 992.33 
SUY 87.36 841.97 -1.0 490.02 -1.0 419.11 305.90 -1.0 871.35 619.56 285.81 -1.0 -1.0 -1.0 104.77 953.96 840.98 766.46 875.13 384.06 -1.0 896.59 0.00 571.82 536.08 -1.0 548.42 616.17 -1.0 881.41 644.42 914.82 191.57 -1.0 124.36 737.16 856.81 901.25 370.35 800.72 506.82 369.41 660.20 171.48 838.84 496.10 464.58 117.22 755.99 462.37 171.12 640.93 -1.0 295.04 427.53 38.62 652.28 89.91 241.24 308.68 630.43 967.93 412.76 474.06 773.40 -1.0 562.56 693.60 46.16 324.61 480.62 273.86 605.87 13.62 790.17 997.29 264.42 194.80 902.96 329.97 537.73 709.67 167.81 125.01 681.40 698.14 -1.0 300.91 -1.0 95.44 792.77 465.06 -1.0 769.95 -1.0 648.22 -1.0 -1.0 918.28 131.81 
HXG 330.97 542.49 167.55 390.45 887.90 921.15 195.65 -1.0 4.96 173.83 291.45 -1.0 553.78 -1.0 856.34 547.36 -1.0 -1.0 518.11 827.38 603.69 807.77 -1.0 0.00 379.44 678.20 554.06 -1.0 423.80 98.43 712.91 -1.0 972.70 498.13 622.62 -1.0 -1.0 507.27 -1.0 811.41 -1.0 -1.0 488.26 503.63 529.84 516.51 574.43 222.77 956.73 549.16 545.71 694.66 744.38 711.55 541.80 869.29 668.67 236.98 632.06 687.20 159.62 881.70 529.84 138.01 832.08 855.96 191.03 396.33 772.71 -1.0 665.76 -1.0 316.01 689.08 562.67 732.61 97.70 708.68 -1.0 357.52 -1.0 539.43 350.63 117.39 -1.0 396.08 618.79 691.10 568.12 749.65 933.01 553.95 -1.0 686.79 -1.0 0.45 58.91 225.89 -1.0 804.91 
RKT -1.0 386.84 659.21 -1.0 233.25 599.20 724.56 502.91 503.17 881.77 709.05 373.41 967.29 800.32 236.61 -1.0 -1.0 -1.0 113.21 359.52 168.55 -1.0 316.42 645.74 0.00 -1.0 159.68 -1.0 277.19 758.94 867.00 262.63 64.76 692.70 569.21 630.01 266.97 540.92 544.04 302.52 15.36 977.94 533.17 -1.0 113.47 242.65 333.47 507.01 605.69 700.16 -1.0 16.53 -1.0 -1.0 981.72 -1.0 -1.0 -1.0 888.49 -1.0 534.37 624.16 859.53 560.49 -1.0 103.08 447.27 502.34 378.17 263.33 972.35 162.32 330.19 15.97 864.33 -1.0 -1.0 -1.0 175.55 522.33 808.44 396.72 546.38 881.82 833.50 563.91 274.64 312.83 630.32 460.86 401.14 384.09 -1.0 800.21 27.69 951.57 897.18 842.88 854.63 181.49 
RCN 263.25 596.55 811.53 -1.0 -1.0 522.27 356.88 293.58 584.87 -1.0 664.82 508.57 -1.0 562.58 966.12 391.56 760.59 581.15 -1.0 -1.0 197.88 265.71 348.28 776.07 384.58 0.00 -1.0 906.95 739.42 579.65 -1.0 227.89 190.26 333.39 -1.0 353.94 431.90 -1.0 771.79 591.38 405.48 556.02 -1.0 797.93 812.80 452.12 326.97 352.00 630.06 820.57 460.62 733.60 824.48 740.19 390.91 930.11 289.89 -1.0 763.02 948.78 210.84 994.83 994.75 168.45 278.03 -1.0 -1.0 78.43 396.57 188.43 -1.0 262.02 -1.0 334.21 -1.0 340.05 424.50 418.32 805.00 491.81 150.31 675.82 -1.0 51.44 707.67 -1.0 -1.0 814.40 895.64 299.21 -1.0 4.45 -1.0 982.85 -1.0 -1.0 -1.0 542.50 146.38 112.34 
SVB -1.0 448.16 487.56 307.65 243.36 882.26 821.00 178.25 635.76 -1.0 648.19 900.93 569.48 563.73 487.51 15.29 205.56 48.03 296.48 -1.0 9.16 583.36 313.17 833.97 389.83 458.40 0.00 388.53 416.97 791.95 670.65 783.68 35.10 241.38 942.02 351.24 370.62 652.87 47.85 341.68 365.07 850.53 731.23 81.07 550.61 518.53 -1.0 629.41 714.94 917.32 348.07 128.72 249.43 10.50 187.21 -1.0 -1.0 270.96 705.07 469.25 -1.0 408.56 199.68 -1.0 127.15 -1.0 -1.0 -1.0 455.60 745.50 489.52 633.55 70.67 808.34 284.66 480.10 888.56 240.46 171.94 -1.0 928.57 246.70 329.09 -1.0 617.77 -1.0 -1.0 306.72 680.85 240.03 -1.0 781.66 -1.0 164.30 902.09 799.79 834.81 848.12 681.64 -1.0 
DPJ -1.0 580.32 758.61 700.83 -1.0 73.62 693.53 717.28 825.49 65.19 435.47 563.94 -1.0 915.87 241.38 846.51 -1.0 690.62 419.81 658.70 705.10 337.53 600.43 -1.0 951.01 -1.0 -1.0 0.00 964.47 805.93 956.39 974.07 442.33 943.20 -1.0 -1.0 871.87 574.50 382.99 759.23 484.75 454.63 147.64 39.21 122.80 -1.0 -1.0 652.20 -1.0 680.48 231.41 459.04 167.20 254.42 922.60 831.52 -1.0 91.92 670.97 379.93 115.07 358.92 635.13 441.80 523.01 868.44 592.83 537.70 357.29 803.35 213.78 781.64 421.37 683.94 614.68 -1.0 560.54 962.44 -1.0 237.33 629.68 66.04 36.21 751.71 86.81 163.16 44.85 186.96 723.82 -1.0 720.24 852.40 834.59 117.63 280.42 663.03 916.97 904.30 720.96 134.34 
EZX 638.25 462.01 348.89 560.07 994.65 803.80 224.41 509.74 605.18 82.32 922.43 141.39 563.94 214.88 28.84 32.27 251.27 552.56 57.56 300.36 828.12 340.99 -1.0 -1.0 -1.0 -1.0 -1.0 603.52 0.00 966.00 -1.0 91.11 -1.0 650.01 -1.0 -1.0 938.29 329.26 781.47 511.90 -1.0 799.91 949.64 488.23 418.53 142.54 491.40 221.01 50.44 617.62 921.51 594.76 1.74 343.34 326.33 -1.0 628.53 99.79 362.59 447.55 196.66 254.12 591.09 597.59 348.96 381.52 65.87 -1.0 97.09 38.13 310.95 853.00 -1.0 -1.0 687.89 178.26 791.49 220.51 814.71 688.27 71.03 570.56 810.38 531.79 185.70 922.73 -1.0 940.19 46.90 222.11 143.60 -1.0 885.66 336.98 29.77 167.95 -1.0 205.65 -1.0 343.44 
QAR 220.31 239.82 978.52 -1.0 815.36 170.89 390.12 705.03 934.22 439.50 941.00 493.06 474.96 -1.0 252.86 -1.0 -1.0 594.80 584.97 423.11 -1.0 660.78 870.43 289.18 965.13 149.34 387.64 555.30 623.82 0.00 939.23 623.65 326.14 122.86 754.41 71.17 70.86 31.85 119.45 -1.0 683.78 817.20 127.07 196.51 449.14 -1.0 652.92 422.73 106.10 216.38 856.76 32.84 89.40 286.61 771.93 904.21 284.30 216.38 579.33 876.67 239.18 150.02 -1.0 778.67 164.54 146.25 206.59 167.06 -1.0 719.23 182.70 15.69 516.47 62.25 -1.0 400.62 -1.0 402.46 -1.0 276.88 454.10 -1.0 909.87 897.61 756.99 639.70 505.45 981.10 879.75 752.85 976.87 -1.0 260.48 387.71 420.72 -1.0 238.60 317.52 -1.0 483.22 
OFD -1.0 987.49 688.98 -1.0 -1.0 917.63 285.29 -1.0 371.27 565.67 494.06 440.93 87.51 494.43 632.91 863.39 -1.0 776.65 522.94 960.80 -1.0 326.42 -1.0 11.63 -1.0 -1.0 490.78 81.76 249.54 318.36 0.00 -1.0 -1.0 943.20 346.52 547.83 130.09 977.15 410.31 25.05 855.74 -1.0 263.79 294.01 127.28 50.03 866.22 -1.0 553.01 195.50 688.29 971.71 243.06 -1.0 430.11 -1.0 600.40 390.15 100.46 99.36 -1.0 688.71 898.24 145.57 479.47 903.05 602.55 513.19 132.81 434.03 242.61 493.54 229.73 776.10 829.90 977.72 263.64 414.19 157.17 426.81 710.91 712.15 -1.0 380.35 466.49 347.80 719.93 -1.0 -1.0 438.20 -1.0 699.36 200.64 -1.0 636.78 -1.0 663.97 693.07 815.10 430.47 
QRN -1.0 141.04 280.96 591.23 485.00 297.37 945.86 -1.0 943.65 163.55 -1.0 266.27 487.17 -1.0 263.20 676.75 575.30 415.90 614.98 95.83 529.36 -1.0 822.73 124.62 200.48 574.89 -1.0 222.82 933.44 -1.0 499.63 0.00 447.91 100.51 -1.0 453.36 675.94 277.81 715.70 -1.0 997.92 -1.0 124.94 463.96 621.04 935.57 -1.0 793.56 145.17 -1.0 -1.0 -1.0 425.73 -1.0 669.47 852.66 571.49 24.76 726.78 978.37 2.64 81.92 -1.0 429.67 375.75 920.49 956.18 -1.0 600.87 559.76 105.43 700.43 274.19 573.06 829.02 332.62 -1.0 866.03 916.94 82.03 172.69 221.15 232.73 421.76 195.16 718.89 117.44 524.58 978.56 32.91 -1.0 762.91 908.62 432.52 890.87 317.61 956.99 -1.0 273.98 424.85 
WNH 846.21 857.94 683.96 806.39 622.00 38.77 -1.0 174.71 106.57 631.21 745.82 909.09 667.50 504.38 621.97 65.14 405.93 960.62 783.10 914.75 564.81 -1.0 641.65 385.47 774.74 144.35 895.91 774.67 993.20 8.18 -1.0 898.02 0.00 -1.0 -1.0 -1.0 932.54 814.38 420.62 354.30 -1.0 -1.0 -1.0 618.65 426.42 346.12 75.79 181.38 803.20 419.46 918.47 -1.0 -1.0 204.86 815.85 547.25 165.54 565.68 -1.0 747.99 217.92 258.98 208.67 421.06 253.20 17.57 -1.0 134.07 -1.0 686.54 8.39 520.08 880.30 172.68 192.91 -1.0 454.68 -1.0 225.25 278.22 -1.0 484.24 352.37 468.08 78.68 476.16 -1.0 831.30 354.91 748.95 -1.0 436.08 27.83 399.15 49.07 598.40 -1.0 628.48 127.85 832.15 
CFS 186.77 -1.0 -1.0 422.25 677.88 204.29 572.09 -1.0 289.87 143.52 147.07 373.75 103.12 83.97 11.69 704.82 474.32 162.47 -1.0 10.58 882.58 14.48 845.14 737.70 112.02 -1.0 678.80 820.07 130.26 785.42 27.45 122.12 116.06 0.00 583.81 643.45 432.19 156.39 320.39 476.75 912.02 159.46 -1.0 372.77 945.36 448.91 978.21 690.49 1.05 414.51 -1.0 -1.0 836.68 -1.0 689.80 519.81 291.33 -1.0 476.71 429.28 -1.0 -1.0 894.95 440.57 -1.0 -1.0 -1.0 574.17 668.51 -1.0 276.84 -1.0 120.72 502.32 532.16 490.59 -1.0 -1.0 365.52 208.64 930.11 891.05 461.17 542.56 806.55 88.34 -1.0 184.07 290.46 141.65 -1.0 966.50 796.00 126.52 411.79 79.56 490.22 789.29 558.22 855.92 
XXV 861.41 170.25 801.41 747.55 368.60 533.39 307.57 972.02 -1.0 17.30 608.32 21.76 462.12 906.42 -1.0 172.87 -1.0 151.42 -1.0 276.50 5.32 599.13 195.83 754.11 762.81 236.94 614.78 971.99 395.37 757.94 912.07 -1.0 735.98 899.01 0.00 585.14 703.62 -1.0 584.97 159.33 87.09 700.26 830.45 -1.0 23.21 631.84 954.27 372.54 861.15 161.71 880.72 -1.0 -1.0 662.25 -1.0 573.33 443.61 580.24 554.99 965.93 453.31 628.91 147.05 -1.0 -1.0 -1.0 606.29 758.51 -1.0 518.42 293.60 -1.0 381.32 404.28 345.03 683.97 902.31 -1.0 -1.0 267.97 995.14 -1.0 668.95 36.57 573.44 404.30 -1.0 -1.0 998.78 -1.0 206.77 923.99 395.33 308.69 222.86 -1.0 802.14 659.44 -1.0 949.06 
ABZ 757.18 188.78 668.96 658.90 52.32 230.15 832.53 -1.0 -1.0 554.17 217.86 249.59 432.65 662.11 812.89 547.45 999.07 511.59 -1.0 -1.0 -1.0 890.38 878.19 925.65 653.18 631.65 577.92 19.60 -1.0 853.27 -1.0 772.77 719.35 54.60 732.49 0.00 405.49 447.34 985.30 837.28 -1.0 206.39 770.47 730.20 -1.0 513.03 301.34 436.37 714.75 -1.0 778.04 86.10 270.84 -1.0 -1.0 987.36 -1.0 369.14 389.84 680.41 492.65 500.28 370.43 848.61 917.57 437.28 296.99 520.06 631.47 834.23 -1.0 -1.0 256.62 676.27 867.12 717.79 123.96 -1.0 567.69 -1.0 -1.0 508.69 998.54 650.82 645.76 328.96 345.17 107.34 671.81 307.24 638.22 281.47 -1.0 146.71 495.23 844.71 84.71 392.13 -1.0 307.55 
HQD 356.66 372.58 669.93 207.81 492.65 376.69 136.88 639.63 -1.0 -1.0 102.38 647.15 -1.0 -1.0 70.22 339.65 506.15 656.10 656.13 46.32 346.21 72.19 43.71 105.60 494.75 478.44 768.77 339.25 -1.0 -1.0 -1.0 -1.0 705.01 394.24 288.42 402.20 0.00 372.49 636.18 603.74 811.04 958.80 458.23 670.68 293.48 196.03 728.05 192.24 -1.0 -1.0 511.46 492.33 40.07 -1.0 874.96 270.84 773.76 742.75 973.61 923.39 958.51 -1.0 6.56 754.59 127.48 220.53 18.67 -1.0 281.01 -1.0 955.15 422.88 -1.0 763.00 252.78 998.52 -1.0 -1.0 773.55 883.35 2.08 917.07 464.38 486.03 -1.0 62.05 744.91 -1.0 876.44 28.28 807.17 246.57 15.01 852.73 214.67 362.15 160.64 575.76 462.07 -1.0 
DYO 369.71 878.79 980.59 439.98 706.39 88.57 906.34 967.35 508.96 668.67 447.26 807.66 911.02 -1.0 138.32 778.93 336.45 14.98 951.11 815.19 -1.0 1.28 474.31 18.93 364.83 356.15 549.67 795.38 220.99 409.94 87.83 665.81 808.99 277.49 -1.0 155.40 539.87 0.00 275.71 352.81 336.26 958.87 288.26 43.13 999.67 425.69 171.15 825.61 97.80 546.93 -1.0 560.53 17.70 549.71 798.14 -1.0 599.85 196.23 293.85 -1.0 469.20 -1.0 445.32 -1.0 86.26 313.33 341.17 -1.0 -1.0 969.30 43.93 654.91 427.99 917.85 918.62 853.74 789.75 996.39 203.20 151.20 199.77 -1.0 433.93 398.38 -1.0 58.96 591.11 526.24 164.98 747.63 295.37 830.75 664.25 116.01 555.79 475.16 263.90 37.22 779.07 751.26 
DQV 947.82 -1.0 -1.0 -1.0 471.30 248.38 245.10 473.92 587.96 611.88 292.64 -1.0 635.78 854.14 599.46 643.67 265.25 -1.0 747.90 510.24 438.70 702.11 -1.0 224.15 570.26 852.10 949.61 105.15 128.02 727.58 545.90 808.86 -1.0 499.86 204.86 192.82 -1.0 754.98 0.00 304.65 617.98 -1.0 867.26 59.49 996.09 548.57 190.02 471.95 37.42 982.88 -1.0 995.42 537.41 414.97 658.02 218.62 879.47 480.32 798.76 985.64 466.99 418.07 -1.0 949.26 687.95 226.53 776.93 627.95 -1.0 649.07 579.51 74.09 821.05 517.99 93.28 -1.0 -1.0 792.40 121.94 175.69 883.84 337.49 469.15 797.36 709.61 -1.0 -1.0 808.61 886.03 247.49 -1.0 383.18 12.63 293.34 581.86 378.84 809.78 526.00 780.06 669.63 
PQR -1.0 802.97 275.96 356.31 361.31 383.65 358.19 633.22 219.02 -1.0 67.41 915.23 -1.0 238.60 137.34 375.25 552.27 -1.0 76.53 711.01 39.13 725.60 720.77 623.40 309.16 486.86 651.68 980.98 139.32 874.43 391.71 923.10 -1.0 -1.0 220.44 872.36 434.50 4.45 476.30 0.00 653.88 58.60 -1.0 294.28 937.16 273.19 633.65 667.26 534.05 669.99 861.01 -1.0 -1.0 -1.0 602.14 304.07 561.88 -1.0 -1.0 837.36 -1.0 94.25 560.58 955.65 -1.0 733.27 720.66 770.61 508.32 679.06 590.47 121.08 -1.0 169.03 -1.0 -1.0 111.45 249.58 39.78 781.78 183.16 534.17 -1.0 247.89 432.21 631.67 785.33 964.68 254.13 337.38 77.68 243.99 948.16 215.16 201.35 -1.0 666.25 468.03 -1.0 850.69 
PQQ 190.49 589.45 630.30 467.52 814.80 -1.0 201.97 133.29 -1.0 -1.0 -1.0 31.26 544.21 28.21 592.84 24.96 36.11 36.69 918.27 807.08 603.02 921.66 -1.0 406.56 341.14 -1.0 791.01 68.69 113.04 692.94 227.58 569.34 766.13 946.01 27.27 775.67 -1.0 -1.0 381.07 727.76 0.00 -1.0 -1.0 404.45 -1.0 325.00 314.60 959.28 949.42 992.08 -1.0 863.83 -1.0 856.05 313.81 490.99 801.31 -1.0 -1.0 636.73 -1.0 411.20 790.87 -1.0 215.63 387.19 689.09 891.11 978.06 209.71 509.24 570.25 443.12 532.84 65.85 619.63 98.72 542.47 -1.0 572.99 303.07 952.76 -1.0 572.32 620.55 515.52 836.08 -1.0 -1.0 210.29 668.54 -1.0 959.01 286.90 -1.0 51.32 -1.0 356.63 793.64 609.26 
ECR 234.51 866.10 478.63 508.29 114.89 584.77 868.13 729.39 926.20 630.67 909.59 907.70 968.79 706.27 -1.0 819.30 69.26 962.05 449.50 715.79 723.68 542.43 170.50 574.06 -1.0 103.62 173.04 58.15 -1.0 -1.0 842.17 440.16 13.81 973.00 236.76 -1.0 300.43 -1.0 567.49 168.09 870.74 0.00 -1.0 639.04 789.30 798.70 929.61 905.33 876.72 -1.0 125.28 159.53 665.12 758.32 82.78 502.10 750.81 538.55 892.86 672.17 52.86 202.32 -1.0 -1.0 561.84 437.36 568.36 156.89 -1.0 335.13 175.69 847.57 -1.0 -1.0 -1.0 -1.0 397.45 328.01 782.24 345.64 -1.0 -1.0 -1.0 -1.0 913.06 426.72 770.13 -1.0 863.86 51.17 515.55 179.94 325.79 -1.0 -1.0 505.52 810.43 575.79 894.34 23.40 
TIN 963.77 488.52 288.63 81.60 -1.0 540.52 359.01 766.40 480.46 866.09 69.99 987.88 869.86 184.32 17.66 -1.0 608.04 400.74 538.68 796.86 371.16 620.90 240.51 167.67 836.05 221.84 -1.0 961.80 884.78 -1.0 -1.0 363.68 175.97 -1.0 625.68 365.89 -1.0 267.33 705.42 590.46 -1.0 897.81 0.00 486.41 -1.0 -1.0 987.92 -1.0 174.98 752.15 994.13 472.78 920.78 916.08 959.85 -1.0 851.13 -1.0 -1.0 619.56 -1.0 292.81 832.71 -1.0 211.76 289.01 903.72 546.33 -1.0 166.70 15.10 268.00 813.72 829.04 245.58 375.98 615.00 -1.0 863.35 474.40 -1.0 712.99 -1.0 327.71 -1.0 116.87 760.09 651.49 596.14 746.66 675.21 483.89 602.77 128.81 578.98 442.81 546.73 -1.0 319.79 583.88 
YKL 658.23 528.04 -1.0 423.09 792.02 100.60 936.74 10.92 467.99 -1.0 448.10 794.10 610.39 -1.0 563.03 900.50 67.81 -1.0 185.22 -1.0 890.63 616.15 292.13 853.64 442.01 546.72 672.37 325.43 219.11 193.27 999.92 278.69 364.05 469.52 160.54 187.75 371.04 413.62 -1.0 148.15 704.52 120.09 -1.0 0.00 858.38 473.30 -1.0 569.88 76.44 365.04 66.81 991.57 718.13 70.67 494.49 155.95 402.85 -1.0 58.10 98.40 -1.0 969.01 635.92 549.56 742.41 202.43 595.46 192.62 11.09 367.98 834.83 264.22 -1.0 325.28 743.63 127.57 79.74 929.99 791.16 313.54 -1.0 67.90 -1.0 596.07 887.12 255.11 471.50 -1.0 781.66 218.72 287.16 310.62 411.38 917.51 33.55 -1.0 904.49 -1.0 760.13 313.20 
ATP -1.0 593.44 664.60 711.38 266.14 876.54 689.08 295.23 -1.0 938.59 855.38 273.60 274.69 784.51 385.81 914.38 355.39 -1.0 409.92 912.24 392.40 159.50 593.28 329.89 -1.0 502.81 -1.0 85.90 765.53 -1.0 91.43 -1.0 803.59 814.92 648.19 -1.0 965.40 -1.0 655.18 11.77 202.29 602.38 151.00 201.89 0.00 359.96 588.52 678.86 222.47 -1.0 -1.0 247.89 664.17 372.25 674.78 669.64 6.21 -1.0 344.62 815.35 -1.0 726.47 -1.0 979.15 -1.0 144.33 -1.0 388.02 73.24 350.61 403.60 402.88 641.62 354.33 441.17 665.75 -1.0 988.26 25.40 -1.0 -1.0 738.95 32.50 510.66 564.36 729.18 941.77 26.43 637.21 220.44 240.52 920.04 767.15 318.85 384.38 624.66 984.82 982.26 639.93 122.24 
DJH 864.52 76.80 663.74 33.17 266.53 874.88 237.47 -1.0 -1.0 530.68 494.59 623.87 709.99 592.05 791.19 83.13 634.28 -1.0 383.82 276.67 684.43 312.07 695.06 294.75 25.12 598.82 903.98 -1.0 -1.0 352.46 179.02 -1.0 -1.0 934.37 493.35 127.47 8.72 -1.0 988.22 372.95 146.22 797.67 770.49 125.97 398.28 0.00 203.87 292.02 161.37 183.68 532.21 800.40 521.89 708.46 -1.0 -1.0 -1.0 538.76 845.79 863.43 251.55 895.68 655.08 842.48 737.32 192.87 -1.0 354.65 545.20 -1.0 735.21 704.00 -1.0 -1.0 -1.0 -1.0 877.53 702.41 979.41 9.11 508.95 440.33 336.56 31.17 725.60 597.60 175.57 381.39 -1.0 304.30 877.38 642.18 346.00 -1.0 -1.0 818.85 902.89 297.90 183.59 226.65 
LJB -1.0 -1.0 800.22 26.38 543.28 706.07 6.31 -1.0 -1.0 382.82 396.50 -1.0 82.38 995.20 -1.0 642.51 754.02 355.49 403.32 -1.0 950.34 861.19 -1.0 290.31 781.00 531.71 723.54 37.30 -1.0 896.38 830.33 855.09 492.97 237.17 286.04 342.73 561.25 241.00 919.79 -1.0 236.49 -1.0 833.88 326.28 761.26 893.01 0.00 -1.0 868.45 733.26 696.22 -1.0 542.28 137.43 729.13 79.86 -1.0 439.98 31.03 685.41 956.58 538.86 -1.0 593.69 -1.0 31.96 461.19 585.04 202.47 186.80 525.64 803.81 700.04 166.49 657.20 103.43 295.48 995.89 97.79 -1.0 -1.0 -1.0 119.04 -1.0 -1.0 824.19 168.18 -1.0 740.00 -1.0 716.05 379.94 539.84 105.06 577.06 442.79 991.47 934.99 958.89 543.17 
QCX 616.25 -1.0 361.23 644.08 462.11 -1.0 306.14 705.57 893.99 -1.0 326.44 279.45 573.59 830.60 582.96 120.72 -1.0 -1.0 215.12 279.53 733.66 932.78 -1.0 457.06 -1.0 200.81 105.16 979.02 686.11 454.10 613.42 276.93 255.63 931.33 895.04 493.13 385.16 -1.0 768.66 417.11 23.67 904.75 330.55 674.26 205.98 444.65 -1.0 0.00 -1.0 -1.0 590.59 -1.0 643.95 28.85 404.20 904.32 698.90 306.98 -1.0 777.76 352.56 730.81 327.98 700.09 682.07 -1.0 860.05 54.00 607.61 -1.0 560.37 723.32 855.38 890.06 115.35 88.86 546.02 605.96 368.63 967.49 617.54 55.77 849.49 356.39 271.52 980.31 883.35 426.67 450.60 108.85 394.24 868.16 -1.0 632.29 310.26 -1.0 541.10 193.51 -1.0 204.41 
PZS 602.11 701.22 -1.0 213.57 -1.0 674.81 283.82 12.13 490.31 131.01 61.99 767.81 489.19 627.78 484.52 999.62 235.55 967.39 106.32 57.20 213.06 605.49 282.41 -1.0 445.92 612.41 515.36 387.14 939.37 798.59 679.48 599.81 534.23 448.68 -1.0 717.90 651.76 717.21 173.15 -1.0 15.56 -1.0 710.28 5.65 17.33 781.01 -1.0 267.49 0.00 215.91 949.50 456.80 565.07 221.86 753.82 580.52 489.95 522.87 4.71 928.71 339.58 111.03 269.05 736.96 361.02 -1.0 491.25 592.02 348.17 964.48 266.64 654.30 646.10 900.74 752.53 185.04 152.53 958.95 -1.0 201.66 623.18 -1.0 958.89 -1.0 57.00 590.65 240.15 792.58 691.25 719.46 -1.0 836.23 371.63 547.02 355.69 673.89 429.05 780.02 -1.0 915.96 
ADL 373.41 796.95 805.98 984.89 -1.0 6.72 796.99 863.56 577.28 867.97 -1.0 494.83 330.61 52.90 395.68 -1.0 913.44 60.49 14.45 -1.0 978.29 693.47 599.72 888.09 809.25 612.10 -1.0 -1.0 70.37 -1.0 -1.0 207.90 -1.0 538.74 575.76 974.45 331.03 749.37 138.53 -1.0 819.25 669.12 852.57 316.01 545.38 652.58 735.00 721.46 -1.0 0.00 546.04 219.54 83.33 423.52 471.85 27.35 338.76 495.82 608.11 94.91 679.59 25.86 269.97 560.98 957.84 515.67 827.63 591.22 24.08 122.96 879.11 925.49 900.16 145.40 858.81 626.53 191.18 172.91 77.92 593.01 859.00 544.62 -1.0 -1.0 867.53 288.07 299.67 705.46 408.65 957.85 -1.0 -1.0 187.51 -1.0 317.93 -1.0 -1.0 264.85 887.68 -1.0 
OHG 643.10 226.73 519.51 -1.0 569.12 -1.0 964.49 797.51 -1.0 -1.0 400.90 880.99 -1.0 -1.0 583.82 327.93 383.49 283.32 556.25 453.18 425.72 76.32 928.43 148.09 -1.0 -1.0 815.45 630.75 925.13 560.88 894.94 -1.0 369.84 262.89 -1.0 44.66 414.16 693.16 34.04 943.32 693.24 894.85 -1.0 295.04 6.56 102.82 -1.0 550.27 477.24 -1.0 0.00 723.63 606.46 688.76 -1.0 861.84 306.24 789.41 731.76 709.82 -1.0 731.72 437.56 666.75 465.57 -1.0 391.65 922.21 693.56 23.29 888.89 268.08 277.38 519.21 -1.0 338.57 338.07 -1.0 960.89 216.90 182.28 -1.0 513.39 -1.0 -1.0 665.75 29.02 346.06 354.46 713.84 349.20 750.25 129.99 59.88 820.37 454.46 127.36 883.76 735.02 226.02 
PRT 625.80 736.01 -1.0 638.63 141.23 929.22 965.58 557.12 67.21 309.74 100.25 -1.0 905.79 433.22 354.63 868.95 744.31 971.74 149.67 921.97 -1.0 346.03 341.83 398.16 407.78 589.62 116.45 51.69 487.98 -1.0 371.46 931.85 -1.0 33.57 699.25 100.19 654.73 97.27 -1.0 538.40 552.86 711.51 548.97 -1.0 841.14 986.44 59.47 331.62 540.23 -1.0 644.07 0.00 69.41 423.49 219.19 113.02 583.84 291.78 850.81 634.06 290.58 75.05 990.17 564.90 431.51 472.02 -1.0 411.57 980.80 437.26 162.12 794.82 418.62 339.55 -1.0 883.85 665.29 153.34 -1.0 193.29 421.38 810.79 -1.0 737.86 161.22 567.50 373.75 836.40 344.98 549.08 175.01 164.38 626.74 351.13 526.83 -1.0 184.05 659.61 595.60 -1.0 
NFL -1.0 583.27 817.92 881.00 625.65 574.71 -1.0 336.63 -1.0 -1.0 964.47 -1.0 -1.0 -1.0 358.42 -1.0 -1.0 -1.0 798.06 293.92 -1.0 883.36 -1.0 -1.0 472.45 43.00 484.47 846.45 571.24 524.16 -1.0 75.12 -1.0 686.21 584.60 425.83 739.74 963.44 734.44 -1.0 738.71 274.76 -1.0 456.07 -1.0 -1.0 688.84 526.64 99.08 885.48 214.80 93.01 0.00 -1.0 131.68 755.86 938.97 943.85 -1.0 348.67 805.20 363.70 701.39 -1.0 -1.0 340.38 52.70 425.57 720.12 388.82 242.74 426.55 659.78 179.19 -1.0 94.64 905.18 860.29 -1.0 216.05 958.45 334.96 303.66 426.03 -1.0 508.09 518.62 54.81 716.77 344.92 723.71 338.65 602.30 309.96 -1.0 -1.0 409.87 -1.0 29.40 939.36 
UDC 51.40 984.34 438.58 476.57 553.13 791.43 642.98 -1.0 134.52 606.24 834.56 -1.0 251.46 615.06 799.34 964.98 175.86 434.20 491.25 934.26 210.82 -1.0 926.07 372.75 239.75 767.26 -1.0 296.90 726.91 118.39 -1.0 337.67 544.81 841.39 150.62 774.81 -1.0 272.07 987.04 748.71 750.91 831.10 500.66 -1.0 498.91 602.87 412.99 -1.0 396.27 380.71 901.54 -1.0 929.19 0.00 738.42 211.47 -1.0 841.26 -1.0 691.30 999.75 825.30 961.83 129.71 169.89 685.07 -1.0 155.38 745.32 646.57 307.35 -1.0 40.08 5.43 90.05 426.15 586.27 295.25 974.75 -1.0 444.14 380.08 673.21 690.72 -1.0 775.04 448.35 -1.0 398.66 745.18 182.56 -1.0 233.11 844.59 3.58 679.27 775.12 587.49 294.83 150.04 
HJV 660.73 238.71 723.26 -1.0 238.01 323.47 -1.0 374.26 694.60 381.96 196.37 -1.0 101.42 499.44 667.10 150.58 72.60 386.65 -1.0 156.92 981.13 -1.0 545.07 940.52 726.16 -1.0 826.21 551.08 695.47 -1.0 964.54 -1.0 214.28 483.44 639.04 159.99 845.42 339.03 -1.0 794.43 73.01 862.86 736.98 -1.0 -1.0 558.44 135.26 775.01 627.61 -1.0 316.92 321.92 649.27 842.76 0.00 -1.0 -1.0 506.60 763.70 1.04 717.32 128.38 551.78 888.31 671.65 -1.0 836.69 617.61 963.62 410.87 838.63 -1.0 -1.0 252.17 721.18 844.58 -1.0 368.14 442.36 -1.0 -1.0 885.52 799.54 707.66 725.29 -1.0 917.19 -1.0 -1.0 445.06 774.57 660.87 -1.0 182.53 -1.0 224.13 177.44 322.98 -1.0 753.10 
FFW 306.17 442.82 659.93 830.80 11.33 407.09 668.93 872.27 998.54 -1.0 820.07 615.30 -1.0 614.73 532.23 78.43 417.53 779.54 673.17 221.91 374.03 156.94 52.08 367.68 943.33 -1.0 -1.0 309.00 17.50 916.31 308.67 573.30 762.05 153.71 -1.0 566.50 137.33 411.87 212.99 0.18 287.79 16.22 89.30 743.05 164.75 178.26 975.77 767.39 450.48 938.79 157.21 160.17 -1.0 966.48 -1.0 0.00 136.03 -1.0 447.73 851.59 -1.0 184.21 475.32 66.35 679.73 587.63 680.24 -1.0 225.25 99.75 678.77 233.78 748.30 581.05 789.59 580.71 512.32 413.63 407.98 345.91 803.17 841.96 743.14 -1.0 371.88 136.63 367.04 310.65 339.60 43.68 70.87 31.67 -1.0 -1.0 876.81 -1.0 781.77 427.52 166.42 678.99 
VVX -1.0 401.57 -1.0 -1.0 997.36 584.23 227.13 19.28 518.98 36.65 923.96 959.54 203.26 278.36 730.70 332.83 49.93 563.88 12.42 203.68 921.42 969.11 197.00 53.09 -1.0 832.20 96.18 36.97 519.56 661.07 627.47 468.04 743.42 252.80 41.63 53.89 801.58 501.96 941.36 114.96 527.98 677.56 475.37 -1.0 761.73 340.70 55.56 753.16 940.58 847.38 612.82 41.53 745.24 500.10 748.71 947.10 0.00 399.38 -1.0 -1.0 872.37 318.77 -1.0 204.95 104.29 454.37 115.08 38.76 972.40 365.89 492.84 875.65 759.79 959.84 678.17 -1.0 174.76 373.31 655.00 20.32 971.07 750.86 300.91 -1.0 596.67 195.15 250.02 89.72 243.54 258.37 657.35 393.65 314.63 -1.0 389.86 835.60 371.75 315.77 540.37 376.69 
LJY 451.13 536.99 -1.0 -1.0 805.91 444.43 478.45 415.16 481.34 459.08 644.81 -1.0 731.30 964.17 83.43 437.38 242.08 -1.0 579.38 555.01 818.05 154.09 -1.0 -1.0 -1.0 357.42 750.80 496.46 812.03 826.73 772.36 -1.0 613.71 70.69 655.40 -1.0 -1.0 896.50 944.93 -1.0 723.64 177.04 -1.0 -1.0 213.21 471.45 987.51 -1.0 91.41 -1.0 398.91 -1.0 964.15 -1.0 179.23 119.49 -1.0 0.00 922.61 -1.0 323.69 87.63 596.03 807.79 -1.0 273.06 397.96 -1.0 406.47 175.71 87.68 433.16 175.53 422.43 161.80 -1.0 334.89 971.29 308.88 623.45 789.15 367.25 247.41 384.52 61.54 171.42 -1.0 428.02 652.92 -1.0 257.49 889.80 181.32 734.91 59.22 32.69 480.25 4.64 287.38 528.21 
DSL 150.17 152.87 886.93 156.75 378.84 -1.0 979.77 772.95 988.26 361.87 94.53 674.31 10.64 -1.0 263.36 990.86 127.11 934.51 681.42 6.58 412.39 312.84 311.68 733.91 947.16 31.94 277.74 207.34 82.36 832.64 705.88 -1.0 667.35 -1.0 695.20 128.36 -1.0 82.02 569.33 17.05 -1.0 454.36 -1.0 76.60 -1.0 396.64 364.35 725.58 174.79 772.97 -1.0 484.30 383.88 892.43 -1.0 359.16 457.17 -1.0 0.00 738.79 221.01 520.74 -1.0 443.36 338.24 757.29 515.62 242.95 -1.0 217.12 886.28 401.98 829.87 785.73 996.01 413.02 539.44 -1.0 -1.0 113.26 325.95 729.23 363.08 -1.0 603.04 819.05 660.22 569.41 790.78 -1.0 -1.0 531.49 365.01 464.40 -1.0 309.40 336.41 82.39 589.21 32.93 
NFT 487.79 -1.0 390.66 139.98 220.41 -1.0 129.18 -1.0 798.91 716.56 345.28 -1.0 228.17 -1.0 450.36 264.55 -1.0 612.24 736.96 264.87 225.49 145.98 704.05 377.51 204.63 790.33 972.67 688.12 784.06 893.45 83.07 713.18 794.74 969.62 947.17 669.56 0.45 52.81 922.47 453.01 975.90 730.15 935.81 -1.0 547.75 783.56 646.88 802.73 249.55 974.37 501.16 638.71 568.30 -1.0 549.74 578.87 790.09 987.75 426.52 0.00 704.87 -1.0 300.11 689.01 -1.0 -1.0 45.86 479.31 887.55 359.03 428.75 87.29 708.86 -1.0 -1.0 736.88 758.57 814.54 -1.0 908.94 807.33 30.52 916.59 985.61 729.59 150.66 715.02 -1.0 663.77 952.77 -1.0 276.08 -1.0 -1.0 -1.0 950.02 819.92 22.19 147.54 502.82 
IUK -1.0 706.91 -1.0 860.34 884.17 729.72 501.26 788.09 421.29 772.96 156.73 197.74 983.17 471.67 -1.0 674.51 940.97 937.06 550.69 -1.0 851.87 369.48 896.27 434.01 980.68 70.72 368.98 646.52 -1.0 -1.0 89.32 437.20 135.94 440.38 619.67 999.84 309.77 838.80 972.97 -1.0 320.22 33.48 623.87 102.08 167.02 423.91 316.46 209.27 932.02 459.16 915.27 -1.0 -1.0 761.37 -1.0 325.70 104.86 711.44 -1.0 820.06 0.00 -1.0 489.60 -1.0 -1.0 -1.0 471.34 152.86 782.31 -1.0 -1.0 66.10 73.12 -1.0 686.65 84.25 734.77 603.73 650.05 -1.0 83.94 -1.0 -1.0 -1.0 667.39 797.58 71.35 -1.0 -1.0 456.18 529.31 233.81 930.49 277.28 571.72 -1.0 263.09 723.77 693.80 30.77 
YLT 441.72 386.48 591.26 -1.0 338.76 115.83 337.80 321.92 -1.0 -1.0 -1.0 196.09 446.32 196.16 825.23 169.66 168.04 649.64 -1.0 728.95 902.46 -1.0 412.87 158.15 246.03 6.00 40.39 727.06 -1.0 586.39 -1.0 850.92 796.53 137.18 -1.0 910.09 -1.0 82.20 -1.0 306.74 727.13 274.59 482.61 347.78 -1.0 824.22 -1.0 531.68 249.99 631.63 -1.0 349.67 -1.0 -1.0 288.42 136.68 613.86 368.80 819.16 793.60 498.96 0.00 56.35 525.55 607.06 708.16 -1.0 495.53 145.33 975.17 -1.0 18.81 645.93 125.24 345.41 106.24 -1.0 731.25 677.80 904.73 -1.0 716.74 605.18 780.25 250.19 42.34 -1.0 443.89 75.05 579.16 910.33 31.31 90.01 -1.0 -1.0 204.88 76.47 622.11 8.45 264.88 
XBJ 947.46 400.64 925.44 214.93 519.24 820.09 677.89 960.01 381.07 213.37 377.45 100.06 76.04 -1.0 87.60 933.32 73.33 475.44 74.53 63.55 684.42 449.20 470.76 700.73 -1.0 151.17 212.98 447.63 -1.0 848.37 433.82 199.09 18.01 216.86 -1.0 -1.0 136.50 206.85 127.26 33.70 62.27 743.03 448.49 -1.0 544.71 745.92 46.06 620.70 280.29 -1.0 292.50 533.78 733.83 46.80 186.96 -1.0 -1.0 935.06 528.57 -1.0 480.62 892.35 0.00 355.23 381.69 -1.0 895.18 662.92 327.06 395.73 510.33 594.61 751.24 146.66 385.75 728.86 559.76 -1.0 911.34 119.70 -1.0 971.77 401.47 463.31 -1.0 831.09 -1.0 614.16 782.32 786.39 -1.0 325.70 148.21 -1.0 949.56 601.18 748.25 877.43 648.81 136.26 
KYS 709.49 -1.0 65.21 929.59 514.83 48.93 60.14 -1.0 439.20 358.93 988.84 -1.0 497.94 484.43 842.29 379.82 538.95 561.74 -1.0 583.74 157.03 -1.0 324.62 134.91 891.70 190.28 945.96 695.67 34.03 316.86 -1.0 296.05 680.46 134.85 -1.0 364.18 142.94 -1.0 551.77 429.13 907.86 -1.0 734.68 67.03 429.31 612.08 571.19 529.91 426.86 176.78 907.47 -1.0 -1.0 586.22 450.19 809.18 295.60 336.22 665.91 -1.0 335.22 846.39 829.58 0.00 -1.0 124.34 210.68 590.21 83.82 56.89 -1.0 562.16 252.97 90.18 520.11 905.56 988.10 707.38 34.25 832.30 307.31 908.42 838.39 189.93 554.64 778.75 586.97 830.25 50.24 729.51 805.59 108.47 86.94 -1.0 163.41 662.91 506.44 653.67 765.15 482.56 
JOL 772.19 894.21 799.97 -1.0 101.22 82.88 155.63 25.28 -1.0 426.32 267.38 452.90 662.76 -1.0 -1.0 859.69 635.10 744.51 655.27 194.47 -1.0 501.56 698.35 232.12 943.42 -1.0 263.62 833.78 63.81 290.54 107.97 -1.0 138.49 160.84 54.83 -1.0 138.04 862.28 913.25 -1.0 702.65 122.83 44.84 347.30 805.99 107.42 97.71 -1.0 18.20 194.10 997.74 58.93 -1.0 258.00 612.33 270.33 57.35 223.44 243.14 -1.0 -1.0 765.63 734.29 -1.0 0.00 343.93 897.19 549.58 312.96 893.29 561.63 354.71 431.76 234.00 -1.0 660.28 538.73 703.07 -1.0 785.37 936.41 439.65 906.83 -1.0 737.15 679.93 -1.0 559.88 456.51 480.85 739.25 946.31 525.29 322.68 897.07 892.37 525.04 522.87 937.51 487.98 
EUW 577.73 220.92 613.31 413.11 282.55 345.77 -1.0 184.09 937.10 459.17 584.95 329.98 457.75 425.53 899.65 146.07 422.66 976.97 17.20 21.70 160.55 703.09 704.05 812.68 308.91 752.72 -1.0 683.81 752.98 382.59 505.41 -1.0 403.90 -1.0 627.51 -1.0 88.72 309.97 -1.0 435.49 50.84 467.00 21.02 -1.0 62.65 583.36 849.24 671.52 590.84 366.08 430.77 315.53 -1.0 74.16 605.17 809.44 575.88 387.68 148.61 570.07 25.44 721.66 -1.0 978.69 787.91 0.00 959.90 -1.0 161.41 723.01 30.58 38.34 -1.0 137.81 -1.0 798.14 947.60 469.43 581.63 -1.0 924.94 316.88 447.89 474.58 415.69 -1.0 529.75 116.78 -1.0 260.16 -1.0 254.14 691.50 42.60 969.03 343.11 543.03 213.19 170.62 -1.0 
OYS 642.33 178.11 31.31 387.50 672.86 377.69 -1.0 830.04 521.56 566.89 13.54 -1.0 586.73 711.64 -1.0 -1.0 216.59 678.33 281.32 615.15 -1.0 43.21 582.70 -1.0 -1.0 171.59 -1.0 804.37 709.00 98.68 311.11 698.62 -1.0 762.29 967.37 983.95 193.57 9.61 -1.0 -1.0 935.53 384.11 580.11 505.58 413.97 675.04 566.17 496.13 -1.0 851.04 -1.0 863.26 530.12 632.85 904.50 346.98 992.54 663.18 174.19 268.70 659.03 128.87 327.03 363.24 978.61 378.17 0.00 222.73 525.67 -1.0 470.52 183.21 946.06 780.39 723.04 393.65 41.79 679.27 852.51 49.87 -1.0 364.69 766.74 976.55 -1.0 899.91 976.96 -1.0 836.56 265.11 672.50 622.66 354.80 103.39 193.35 521.40 -1.0 722.28 966.59 208.75 
KIK 295.50 900.98 3.06 428.45 858.38 659.86 915.80 136.90 504.51 111.72 354.16 4.11 284.09 571.24 940.85 926.37 -1.0 236.55 -1.0 964.12 473.13 86.60 813.90 669.56 70.30 125.16 384.66 20.58 844.11 -1.0 62.14 -1.0 183.89 318.38 696.41 864.16 -1.0 -1.0 16.67 111.07 359.84 488.08 488.06 898.17 428.22 83.16 840.65 992.50 319.01 662.00 963.13 -1.0 161.38 737.00 323.85 970.44 534.88 683.87 319.90 591.58 -1.0 768.31 655.36 108.69 478.01 553.28 -1.0 0.00 419.33 469.24 -1.0 714.14 135.79 68.71 442.46 390.22 -1.0 687.84 47.68 495.02 306.54 206.95 556.22 924.96 420.37 445.85 174.75 128.34 545.24 106.93 126.05 913.11 492.68 135.51 759.86 787.38 549.62 300.43 145.15 649.96 
FGN 811.54 577.11 359.91 180.72 -1.0 676.76 764.37 554.93 844.90 156.31 881.40 341.13 13.49 760.13 730.92 642.91 10.81 919.55 38.31 568.40 184.96 646.73 253.16 476.96 642.45 815.42 28.83 -1.0 271.77 -1.0 984.38 421.83 789.76 800.14 578.55 -1.0 658.52 -1.0 865.16 687.57 575.61 159.28 769.51 818.10 701.06 116.48 699.68 425.11 64.81 848.28 -1.0 706.52 443.24 -1.0 -1.0 -1.0 789.60 -1.0 689.62 555.34 394.33 530.23 355.81 -1.0 865.29 969.09 -1.0 -1.0 0.00 399.57 504.43 838.14 -1.0 500.87 365.32 662.44 792.19 -1.0 777.39 -1.0 -1.0 -1.0 130.23 254.29 65.09 90.25 94.08 765.29 57.15 607.45 738.00 231.67 258.54 394.21 21.69 -1.0 346.73 975.55 -1.0 645.00 
VWM 529.72 574.30 -1.0 348.02 749.46 454.56 613.10 340.08 783.37 281.90 283.29 450.24 954.75 288.98 246.72 465.58 645.90 952.11 -1.0 504.39 40.98 335.49 660.82 200.18 465.99 666.22 -1.0 116.38 870.85 27.08 621.98 836.59 -1.0 1.04 514.73 219.73 433.20 314.93 371.87 432.08 372.83 608.00 792.15 350.40 541.56 639.58 885.02 631.10 977.93 -1.0 596.00 931.42 220.56 -1.0 831.61 -1.0 512.57 381.77 -1.0 824.18 520.76 514.67 678.32 59.52 -1.0 -1.0 -1.0 967.43 495.49 0.00 662.16 86.35 816.84 731.29 -1.0 527.06 935.73 316.83 251.91 23.69 38.40 614.21 493.05 769.72 -1.0 910.69 955.39 426.65 216.09 515.81 -1.0 229.21 373.69 101.04 559.65 475.99 649.15 616.55 -1.0 577.64 
AER 11.67 -1.0 -1.0 576.62 836.56 -1.0 157.70 -1.0 123.10 569.63 -1.0 624.47 -1.0 637.85 -1.0 614.79 -1.0 -1.0 -1.0 13.26 416.87 548.63 -1.0 784.20 -1.0 594.06 -1.0 29.29 423.33 281.49 413.67 713.27 746.24 863.32 627.80 486.89 239.30 221.98 549.50 242.76 461.89 -1.0 -1.0 12.76 360.22 -1.0 424.01 609.30 973.91 498.07 -1.0 -1.0 113.25 125.12 388.11 369.73 959.92 749.69 430.58 602.25 600.81 557.14 672.90 267.96 494.90 573.81 614.42 125.82 -1.0 156.35 0.00 184.16 830.77 500.64 783.53 511.16 140.28 698.03 751.71 641.00 -1.0 571.63 99.39 950.88 631.32 827.14 125.32 431.82 91.18 600.75 913.36 -1.0 8.31 779.88 0.98 376.33 250.40 956.45 886.36 -1.0 
VWP 798.52 701.06 550.26 673.17 88.27 740.97 703.49 727.74 738.23 520.16 -1.0 965.25 472.33 438.83 644.11 200.30 514.94 440.31 89.11 899.86 87.74 423.16 122.20 138.78 493.36 79.35 954.84 562.61 948.41 155.87 -1.0 448.87 460.51 330.04 831.71 614.99 692.24 453.00 -1.0 188.31 419.43 145.14 488.35 21.33 389.88 520.06 -1.0 47.01 224.84 112.68 286.11 812.59 564.07 -1.0 387.04 547.63 761.75 279.39 843.08 -1.0 953.93 911.71 385.46 884.25 -1.0 747.68 319.77 -1.0 -1.0 951.38 442.97 0.00 -1.0 -1.0 911.68 57.71 90.97 -1.0 722.85 -1.0 594.69 -1.0 33.73 148.93 525.99 830.45 372.11 281.59 889.19 511.97 760.01 -1.0 517.79 -1.0 999.19 698.73 551.45 729.77 79.28 -1.0 
PKJ 471.50 217.89 916.68 214.32 119.90 160.43 -1.0 96.69 797.02 912.47 776.07 383.46 -1.0 863.17 916.43 418.53 677.85 360.85 498.13 295.87 505.83 250.53 184.10 -1.0 177.39 477.40 938.22 679.00 354.53 167.30 933.77 -1.0 771.08 77.92 -1.0 649.41 161.47 341.89 237.85 916.76 968.75 768.32 935.65 841.73 820.24 715.14 988.05 79.54 932.58 -1.0 499.91 513.02 808.23 -1.0 445.66 163.91 28.59 173.58 -1.0 986.39 793.81 387.77 76.05 492.69 189.93 106.08 382.51 532.46 -1.0 89.77 895.61 327.02 0.00 760.53 994.18 31.48 827.86 264.29 597.05 320.00 -1.0 71.61 24.61 307.90 118.73 87.91 -1.0 164.70 132.91 168.04 887.45 906.54 -1.0 823.78 973.57 677.21 137.14 387.35 -1.0 226.00 
FXC 207.79 -1.0 380.02 815.70 151.93 94.68 684.28 111.61 267.39 937.29 498.13 303.20 240.62 608.53 180.59 466.70 746.53 7.53 875.93 -1.0 -1.0 90.18 -1.0 -1.0 297.64 9.36 706.61 621.47 378.79 832.96 963.39 439.53 845.70 714.62 -1.0 130.82 965.69 -1.0 969.38 546.63 -1.0 -1.0 395.27 359.31 493.55 73.29 53.02 769.16 -1.0 69.42 -1.0 652.56 140.18 877.31 295.10 588.03 331.04 -1.0 493.55 107.90 -1.0 367.97 176.74 847.98 392.06 555.19 820.66 915.93 -1.0 -1.0 304.21 -1.0 847.91 0.00 -1.0 -1.0 51.57 584.87 415.39 383.15 567.24 973.20 693.23 193.91 416.80 56.36 930.41 757.83 408.42 324.61 629.19 859.05 728.19 841.03 356.67 125.61 514.34 190.98 -1.0 144.72 
SIH 917.07 575.95 452.21 774.06 950.25 152.56 68.35 -1.0 405.60 113.09 722.86 529.88 -1.0 -1.0 714.35 227.77 809.03 371.01 272.35 265.69 970.66 369.16 46.09 114.30 735.31 886.49 849.54 548.13 757.65 607.36 -1.0 22.67 138.50 806.54 367.54 696.73 540.40 45.49 278.92 460.06 660.30 133.57 556.98 109.91 375.23 452.65 -1.0 142.30 272.67 708.47 516.62 817.83 164.85 668.11 327.41 994.67 75.25 305.58 246.98 461.89 940.92 -1.0 468.82 923.32 568.60 631.21 420.52 168.97 127.96 292.22 757.79 173.64 308.54 439.51 0.00 934.40 210.15 -1.0 859.82 815.39 820.89 932.20 619.16 356.14 424.52 884.51 -1.0 232.38 407.39 464.90 349.74 65.39 470.18 -1.0 329.08 -1.0 307.74 19.07 336.85 429.25 
DCT 703.04 249.60 -1.0 151.22 572.96 498.78 285.56 -1.0 449.94 -1.0 537.25 -1.0 418.19 545.89 727.75 519.86 851.15 775.80 209.63 338.52 239.82 334.56 528.63 47.02 605.99 622.17 172.10 20.30 662.44 157.95 85.08 393.58 -1.0 674.53 -1.0 -1.0 -1.0 -1.0 714.75 -1.0 -1.0 483.10 421.65 545.53 68.40 886.11 496.84 -1.0 966.13 203.54 508.01 590.83 413.31 552.35 -1.0 719.60 309.27 99.10 649.06 970.49 557.41 -1.0 738.66 865.30 681.97 -1.0 137.14 -1.0 385.26 -1.0 218.49 397.57 992.79 38.34 779.21 0.00 346.59 779.94 53.96 926.57 796.57 871.01 798.49 605.75 945.47 89.11 533.94 491.08 649.20 -1.0 610.47 920.31 -1.0 -1.0 16.47 459.17 487.74 530.21 742.24 747.73 
GAN 15.98 505.30 389.93 550.44 593.13 799.70 -1.0 696.64 -1.0 -1.0 687.13 100.56 40.82 923.15 639.57 466.05 351.97 560.27 585.89 -1.0 861.58 639.51 668.71 403.80 121.43 980.22 924.56 222.01 574.95 398.02 355.68 791.94 -1.0 899.84 624.51 -1.0 215.03 719.79 552.82 481.00 631.08 814.79 -1.0 761.76 116.61 695.98 879.55 734.92 312.36 875.25 917.39 317.51 147.07 721.00 585.33 -1.0 784.59 517.24 898.72 505.23 -1.0 584.74 401.48 48.29 425.56 767.67 918.55 346.72 710.91 948.15 279.82 510.47 927.26 335.14 591.40 208.81 0.00 -1.0 658.89 453.28 -1.0 349.87 61.49 -1.0 566.00 182.73 918.90 -1.0 645.93 -1.0 -1.0 194.92 518.92 354.32 769.09 556.02 -1.0 459.38 -1.0 88.53 
YUT 449.26 578.49 833.66 -1.0 480.93 700.05 335.03 168.31 259.33 -1.0 902.52 370.04 885.67 -1.0 395.48 547.86 -1.0 604.98 570.45 -1.0 34.47 -1.0 763.50 -1.0 901.51 465.93 464.97 -1.0 615.57 54.01 170.18 674.02 942.97 857.11 -1.0 949.53 -1.0 438.79 -1.0 900.30 564.50 364.10 759.08 49.35 34.81 269.44 925.84 284.19 218.43 82.83 505.96 857.61 54.11 886.63 986.41 571.24 213.22 177.26 706.50 650.08 -1.0 -1.0 -1.0 381.80 917.15 407.31 259.52 103.33 289.87 738.31 989.47 336.10 716.95 712.98 645.47 -1.0 900.21 0.00 794.09 -1.0 891.32 902.57 66.85 335.33 975.59 -1.0 459.85 336.20 415.32 -1.0 807.88 -1.0 440.68 -1.0 249.49 713.87 -1.0 99.86 497.66 -1.0 
END 809.26 8.47 768.92 386.32 -1.0 850.53 878.78 453.80 31.82 192.63 812.16 104.33 658.96 -1.0 720.03 998.44 857.53 -1.0 717.75 161.08 963.03 993.05 517.72 -1.0 45.45 810.22 797.66 271.33 355.48 273.75 777.66 -1.0 -1.0 -1.0 406.68 146.20 834.18 655.79 886.24 353.82 595.35 883.83 -1.0 330.93 517.39 527.55 928.70 758.48 840.62 486.11 666.41 201.32 267.53 72.79 -1.0 82.69 933.39 732.89 427.91 551.74 954.85 813.02 -1.0 909.91 157.48 741.90 282.20 921.00 625.68 -1.0 635.61 764.08 989.55 853.08 336.93 102.94 -1.0 292.72 0.00 150.52 977.63 117.22 318.03 284.86 -1.0 291.31 -1.0 865.84 863.25 473.87 216.90 -1.0 380.84 775.32 -1.0 66.17 847.84 211.31 942.07 638.07 
SQX 319.72 -1.0 777.50 777.01 566.41 557.89 395.23 677.94 882.53 2.92 459.91 674.39 469.74 283.35 534.14 333.70 -1.0 683.31 622.33 806.34 513.59 -1.0 866.35 -1.0 544.81 301.19 -1.0 196.86 121.97 943.29 514.92 704.08 779.75 996.20 393.49 735.53 -1.0 841.04 675.57 798.55 198.84 987.01 -1.0 861.11 785.89 262.24 530.79 860.22 172.33 215.16 282.56 219.98 575.97 728.09 -1.0 -1.0 477.03 208.18 458.07 925.26 -1.0 52.12 -1.0 116.29 -1.0 64.76 848.04 -1.0 -1.0 72.05 289.43 578.04 899.47 780.79 -1.0 -1.0 769.69 36.29 435.56 0.00 711.94 897.78 144.67 23.77 455.11 390.74 452.11 335.44 -1.0 -1.0 130.67 540.12 616.66 810.60 201.53 961.14 658.98 224.75 -1.0 47.93 
QMX 279.73 902.40 895.31 724.30 75.90 157.70 273.71 128.88 421.37 188.53 248.35 146.29 300.48 980.74 323.23 -1.0 150.87 421.79 583.96 496.24 735.55 -1.0 983.71 328.79 489.55 -1.0 515.28 -1.0 -1.0 75.94 926.79 166.06 931.96 725.35 697.43 600.72 709.30 33.10 358.75 216.29 668.39 154.81 290.87 380.42 902.66 83.59 -1.0 299.60 379.34 778.49 320.51 727.51 564.99 907.16 285.71 746.41 504.48 260.44 212.44 261.27 512.99 460.33 68.74 357.10 391.84 331.90 -1.0 289.18 372.44 295.80 -1.0 -1.0 -1.0 997.36 -1.0 311.12 -1.0 439.84 679.86 37.56 0.00 995.25 798.63 728.84 803.57 -1.0 396.07 757.07 910.77 616.99 337.69 584.86 -1.0 876.28 152.39 821.75 247.94 437.96 171.67 -1.0 
GZX 640.08 679.43 83.71 497.58 298.32 126.38 536.23 -1.0 870.58 754.66 -1.0 770.59 995.27 387.52 332.85 -1.0 33.39 486.63 675.29 -1.0 39.48 139.43 -1.0 357.59 -1.0 507.47 62.19 111.04 -1.0 831.53 -1.0 614.51 773.35 587.31 635.34 995.72 -1.0 441.94 256.49 556.43 548.00 666.28 423.32 89.40 591.43 524.65 -1.0 -1.0 740.40 406.65 -1.0 -1.0 286.48 -1.0 393.67 453.14 753.15 27.30 4.13 806.15 807.21 625.39 87.11 617.42 -1.0 386.81 507.77 267.99 -1.0 -1.0 348.94 138.72 397.26 960.70 692.61 818.86 -1.0 420.01 188.90 -1.0 66.51 0.00 398.03 -1.0 934.34 -1.0 240.52 660.23 990.34 769.04 492.94 175.22 320.60 517.49 856.23 811.20 -1.0 887.45 -1.0 -1.0 
PCW 795.01 480.10 456.72 438.03 489.64 197.73 -1.0 524.07 935.67 626.25 444.37 -1.0 184.05 78.90 401.66 7.24 341.15 769.76 848.64 -1.0 263.72 904.00 893.53 780.36 629.77 778.59 952.85 256.03 106.97 533.18 -1.0 324.16 600.31 912.43 379.24 -1.0 4.51 -1.0 392.84 411.90 967.61 415.42 -1.0 -1.0 529.16 -1.0 812.99 958.25 -1.0 163.11 823.60 992.86 246.36 977.33 -1.0 394.62 434.53 41.46 959.92 -1.0 -1.0 985.93 667.99 -1.0 201.61 45.47 148.00 709.84 855.37 774.79 -1.0 521.56 874.75 131.58 -1.0 268.52 141.01 291.85 -1.0 -1.0 491.99 -1.0 0.00 57.62 -1.0 -1.0 781.57 -1.0 -1.0 544.14 895.76 846.33 662.98 54.20 931.92 794.19 295.41 551.21 537.53 129.93 
KRU 733.57 821.61 116.53 896.97 792.96 396.87 755.76 849.62 -1.0 422.05 736.08 -1.0 339.45 891.12 100.93 685.85 -1.0 -1.0 565.34 -1.0 725.72 770.92 674.80 209.61 278.83 -1.0 842.58 861.09 774.30 224.15 300.77 634.36 562.20 808.49 589.45 762.80 806.07 56.10 -1.0 -1.0 -1.0 189.37 -1.0 471.82 330.53 -1.0 618.42 -1.0 -1.0 705.10 466.45 58.04 972.52 474.79 900.52 510.70 -1.0 993.20 786.15 228.73 103.57 2.74 561.33 -1.0 878.16 110.86 -1.0 -1.0 568.11 694.28 -1.0 902.68 -1.0 232.62 237.33 -1.0 397.79 679.14 -1.0 765.97 627.86 791.61 146.37 0.00 964.64 280.44 199.50 295.45 -1.0 7.56 906.20 689.59 851.19 876.91 -1.0 -1.0 123.28 658.68 795.82 274.33 
KBG 172.41 969.32 -1.0 151.09 395.88 62.98 737.28 487.88 336.87 701.52 474.85 147.06 729.12 676.52 244.23 -1.0 650.06 78.57 634.01 141.37 902.57 337.25 -1.0 563.65 879.56 258.02 179.86 -1.0 797.92 811.21 746.13 -1.0 27.74 103.20 870.30 751.21 69.52 683.82 -1.0 -1.0 875.95 208.74 119.14 345.60 -1.0 282.77 137.75 -1.0 391.22 -1.0 531.13 940.91 757.11 -1.0 305.65 -1.0 986.12 591.12 165.71 734.32 940.42 158.32 -1.0 618.72 138.35 963.61 843.43 951.98 -1.0 -1.0 247.24 502.52 -1.0 497.49 236.10 411.82 -1.0 563.31 8.69 907.03 174.83 394.21 973.54 379.48 0.00 179.31 716.09 599.37 630.40 386.63 961.20 455.06 653.61 139.34 197.68 677.59 134.91 176.63 769.32 60.72 
FYH 884.51 64.99 152.98 587.14 803.61 999.60 729.71 948.73 799.22 813.97 644.36 98.58 -1.0 346.22 518.89 180.62 159.28 148.32 621.37 218.54 23.05 539.76 270.53 -1.0 807.31 467.00 414.61 8.85 -1.0 382.03 638.50 322.59 760.92 833.78 -1.0 -1.0 910.83 827.04 658.51 -1.0 -1.0 789.70 859.40 331.88 539.19 -1.0 -1.0 980.39 867.23 -1.0 684.12 794.32 385.01 238.42 279.23 716.15 651.89 -1.0 257.81 799.00 525.27 593.50 476.38 238.77 -1.0 -1.0 495.29 871.44 84.59 163.87 480.67 508.52 776.85 -1.0 722.95 735.33 305.64 -1.0 525.48 473.75 333.39 265.60 664.47 425.62 991.16 0.00 873.53 509.89 15.39 480.88 813.43 648.23 782.42 -1.0 584.65 217.88 596.08 421.70 198.36 155.39 
QFI 212.42 555.39 603.51 933.54 -1.0 -1.0 541.92 -1.0 145.08 320.88 -1.0 717.55 -1.0 714.22 807.82 13.95 178.15 962.00 -1.0 424.54 219.82 181.50 -1.0 100.79 890.64 314.03 -1.0 214.65 25.12 864.73 590.66 476.43 -1.0 275.98 522.35 214.34 165.87 184.25 273.42 62.25 967.42 165.85 -1.0 568.10 -1.0 -1.0 233.54 -1.0 -1.0 895.49 328.68 436.78 245.89 -1.0 467.77 705.55 919.11 246.63 440.70 -1.0 324.04 787.88 982.15 -1.0 628.66 768.26 630.76 306.28 645.80 583.15 107.66 451.67 542.58 188.17 879.42 198.57 -1.0 533.14 248.18 335.79 296.51 764.27 -1.0 828.35 127.45 821.59 0.00 462.14 579.33 82.38 19.56 713.58 478.86 350.27 311.17 593.26 974.00 355.55 414.62 -1.0 
HUD 552.05 883.89 712.80 310.71 925.27 135.61 222.26 544.32 -1.0 21.58 399.11 538.16 -1.0 818.75 639.17 689.12 887.32 582.75 238.97 842.46 845.01 230.40 798.80 622.25 -1.0 36.50 451.78 945.50 779.32 352.80 80.85 447.21 308.96 -1.0 215.42 -1.0 -1.0 82.78 197.81 32.06 963.22 -1.0 443.40 228.16 605.01 -1.0 235.05 540.91 903.94 498.81 575.05 484.67 -1.0 591.59 559.50 282.28 483.43 -1.0 249.80 268.18 874.83 742.92 289.10 849.08 294.94 -1.0 147.73 -1.0 898.14 276.40 794.49 -1.0 240.96 496.17 296.08 474.57 519.64 1.30 683.89 91.87 972.79 281.76 708.67 580.64 910.95 905.31 752.44 0.00 389.17 765.94 453.30 870.60 -1.0 854.94 949.62 943.49 453.19 24.46 685.97 675.43 
FYI 138.00 682.46 99.58 393.89 987.47 359.99 730.96 777.00 786.63 297.68 267.85 -1.0 520.46 500.41 16.96 -1.0 228.39 906.42 278.53 220.71 689.52 222.10 868.66 944.83 197.66 838.32 79.87 70.54 416.79 206.24 810.29 54.56 478.86 893.71 382.79 742.42 149.01 598.67 -1.0 557.46 219.57 156.05 -1.0 138.40 836.03 758.51 -1.0 90.97 588.56 86.06 255.72 776.71 89.24 39.34 908.49 879.40 976.39 224.58 -1.0 -1.0 679.11 288.54 127.60 -1.0 657.93 744.50 490.88 563.46 866.04 -1.0 -1.0 58.37 -1.0 868.79 876.65 10.73 62.74 344.55 -1.0 -1.0 943.38 -1.0 687.94 154.08 19.16 388.94 731.58 120.09 0.00 213.68 918.63 -1.0 524.73 519.09 -1.0 -1.0 160.34 730.42 517.99 207.14 
FQC 787.50 -1.0 684.02 659.75 638.31 698.43 227.64 455.07 876.77 67.27 -1.0 374.48 -1.0 678.05 509.30 -1.0 683.52 387.00 231.10 613.80 448.31 603.85 367.24 -1.0 47.75 944.96 249.71 -1.0 457.42 627.04 969.21 -1.0 259.71 -1.0 416.03 790.97 254.99 806.46 299.20 -1.0 -1.0 170.69 996.62 -1.0 996.85 117.84 65.61 929.45 788.27 -1.0 -1.0 874.28 948.00 233.54 902.46 895.89 171.06 784.54 -1.0 790.58 -1.0 842.12 345.44 372.32 379.50 434.33 251.41 304.02 -1.0 757.42 -1.0 327.85 261.03 -1.0 186.19 628.04 397.71 312.00 872.71 57.46 907.02 893.73 525.13 -1.0 481.69 220.86 -1.0 -1.0 887.27 0.00 829.56 432.75 352.50 -1.0 342.56 684.30 857.21 112.47 326.18 682.60 
NYF 178.77 667.22 297.83 19.97 126.47 610.96 302.66 23.59 42.45 545.18 -1.0 368.39 806.30 282.05 93.37 308.08 585.33 134.00 38.77 669.49 335.40 934.89 306.41 -1.0 -1.0 934.05 689.56 379.53 326.38 677.93 98.93 695.20 169.24 918.25 199.52 148.36 330.29 966.39 -1.0 743.01 263.98 109.72 850.07 398.56 -1.0 960.96 229.84 21.62 891.30 383.28 939.57 -1.0 19.00 417.94 -1.0 889.32 512.85 173.46 732.99 457.95 564.65 427.71 479.25 354.12 -1.0 226.04 286.71 901.20 442.38 102.36 945.36 89.17 483.45 604.58 249.90 638.03 -1.0 777.03 -1.0 726.73 35.54 -1.0 666.98 395.47 253.14 519.80 918.71 772.57 339.46 49.98 0.00 -1.0 639.17 633.19 764.99 261.42 579.59 285.33 793.44 744.96 
TLS 885.27 448.41 -1.0 -1.0 562.87 355.66 747.26 48.37 523.88 -1.0 -1.0 -1.0 844.74 -1.0 -1.0 960.84 450.43 846.83 953.13 784.69 453.69 597.70 989.70 521.24 -1.0 -1.0 506.74 756.91 806.23 880.12 47.24 -1.0 -1.0 654.80 -1.0 -1.0 173.68 579.18 -1.0 976.76 372.79 -1.0 815.04 296.59 736.60 -1.0 421.87 556.65 297.36 -1.0 287.58 459.11 59.73 307.88 303.91 726.48 170.50 66.09 244.61 685.35 -1.0 197.28 383.05 221.73 -1.0 280.22 665.23 405.95 -1.0 631.85 509.36 158.93 142.47 403.81 264.19 819.61 561.61 986.68 129.83 538.20 230.79 -1.0 487.04 139.62 790.72 223.99 222.50 920.34 69.22 344.77 143.01 0.00 238.08 58.59 780.82 665.79 843.42 156.21 -1.0 743.17 
YNP 273.04 229.26 367.61 772.64 460.37 560.64 333.46 803.24 28.08 218.48 -1.0 269.52 -1.0 801.40 427.72 347.15 916.25 238.13 215.79 -1.0 135.45 -1.0 869.78 514.44 374.54 607.84 128.08 725.92 999.60 304.36 502.72 18.58 160.56 -1.0 253.04 -1.0 428.23 18.27 174.09 73.93 254.17 -1.0 603.39 805.57 731.79 861.16 874.82 81.76 343.03 5.90 530.61 72.70 -1.0 220.32 247.54 338.20 -1.0 494.81 720.93 -1.0 143.35 666.43 892.74 72.08 651.95 55.39 642.74 -1.0 792.61 994.58 517.16 -1.0 195.30 921.95 906.81 530.98 689.06 72.77 710.49 916.52 664.48 868.17 953.15 300.82 -1.0 632.09 -1.0 557.87 6.20 240.20 780.75 224.25 0.00 -1.0 696.28 87.87 143.72 258.08 613.11 248.94 
VYC -1.0 -1.0 3.96 -1.0 307.27 588.48 516.30 70.82 -1.0 -1.0 176.65 518.09 -1.0 129.39 608.05 -1.0 146.73 576.92 404.28 -1.0 685.22 429.51 949.85 -1.0 97.74 734.97 195.82 -1.0 -1.0 113.17 -1.0 32.71 151.15 -1.0 648.91 -1.0 162.56 -1.0 624.67 966.75 282.88 559.18 202.29 986.53 910.48 454.60 3.03 45.68 169.11 850.15 283.26 973.36 191.44 68.67 1.92 665.76 503.11 -1.0 61.31 -1.0 -1.0 -1.0 579.38 -1.0 934.08 -1.0 123.51 -1.0 -1.0 221.70 334.13 500.81 898.18 755.47 -1.0 316.22 102.86 406.27 965.84 606.95 920.50 983.60 -1.0 702.87 267.99 184.31 49.75 537.35 543.00 -1.0 372.07 319.18 994.58 0.00 696.31 -1.0 178.21 875.63 728.46 836.56 
XMA 278.02 107.52 613.12 4.85 919.95 426.81 281.01 290.51 638.34 83.16 772.71 625.29 252.89 8.15 -1.0 159.41 149.79 864.17 93.93 827.92 523.19 795.60 945.26 927.65 780.46 892.36 869.32 699.19 181.02 -1.0 711.18 -1.0 580.87 -1.0 194.41 -1.0 255.16 699.81 486.62 -1.0 -1.0 -1.0 667.57 -1.0 -1.0 771.96 960.67 607.66 -1.0 626.59 -1.0 181.22 86.11 414.82 -1.0 542.53 422.53 862.85 159.06 464.62 -1.0 176.57 -1.0 42.50 289.14 780.49 115.95 -1.0 406.48 121.62 506.06 904.03 301.89 931.57 95.24 419.27 709.38 -1.0 830.90 546.46 -1.0 863.18 803.71 -1.0 422.73 261.03 -1.0 53.42 735.60 -1.0 759.47 185.69 393.50 -1.0 0.00 800.49 587.27 183.09 -1.0 644.66 
MWX 597.76 -1.0 -1.0 939.83 -1.0 97.56 881.84 -1.0 -1.0 946.12 -1.0 644.57 914.96 -1.0 847.91 -1.0 852.57 -1.0 839.16 380.94 135.41 -1.0 -1.0 -1.0 449.38 873.06 547.39 642.29 961.40 534.89 220.31 107.17 780.03 804.11 567.49 464.15 787.81 999.36 -1.0 665.21 812.27 255.69 468.85 719.13 -1.0 919.53 876.34 118.69 -1.0 305.56 772.81 -1.0 602.56 203.09 530.15 881.18 315.68 656.82 25.59 -1.0 -1.0 358.21 -1.0 228.36 -1.0 527.07 -1.0 281.18 835.43 635.26 153.71 770.36 802.20 335.52 383.74 622.84 93.03 487.67 693.24 177.50 746.93 139.23 -1.0 690.07 -1.0 505.38 -1.0 511.01 345.59 518.42 653.68 62.14 852.86 535.30 -1.0 0.00 485.84 408.03 348.48 119.50 
ZQK 59.07 71.13 968.34 33.01 359.49 883.10 540.22 747.74 -1.0 798.52 952.77 135.96 163.72 624.81 665.16 766.05 460.13 381.05 863.38 275.01 -1.0 21.07 198.53 620.50 -1.0 68.46 722.89 783.13 289.84 -1.0 817.91 -1.0 387.22 -1.0 489.05 891.30 837.20 228.33 859.29 456.23 -1.0 380.09 194.18 160.59 -1.0 -1.0 -1.0 371.60 133.11 654.93 733.39 202.52 -1.0 676.66 987.88 68.83 126.95 449.12 67.15 773.22 1.90 -1.0 413.77 206.96 623.74 878.77 311.28 -1.0 -1.0 714.85 -1.0 294.20 965.07 296.30 98.61 912.14 66.35 469.08 181.37 747.71 511.03 192.57 320.34 819.57 -1.0 295.92 783.05 -1.0 -1.0 -1.0 169.84 967.60 -1.0 -1.0 795.67 67.03 0.00 680.75 97.98 -1.0 
SKP 526.09 362.81 127.23 827.17 -1.0 -1.0 -1.0 782.20 787.23 365.19 712.62 287.71 318.43 -1.0 949.07 943.32 356.55 483.77 227.63 921.22 613.18 411.92 122.14 345.10 75.44 861.47 -1.0 810.20 360.52 813.92 285.59 423.71 703.36 269.99 26.35 446.07 264.38 372.12 312.30 410.77 507.31 -1.0 596.52 594.35 -1.0 344.96 541.37 783.44 488.96 604.93 301.88 687.55 480.96 112.00 886.99 672.26 186.03 -1.0 815.67 697.06 -1.0 980.34 -1.0 319.50 323.18 -1.0 547.95 359.15 455.90 762.98 807.09 576.46 711.63 918.14 -1.0 191.19 462.21 897.65 991.24 245.82 -1.0 -1.0 841.42 -1.0 751.83 890.75 554.89 -1.0 263.27 322.61 -1.0 -1.0 861.61 8.04 762.19 347.78 -1.0 0.00 -1.0 781.76 
NZI -1.0 -1.0 408.87 773.35 176.86 989.85 714.51 -1.0 41.78 854.72 406.25 -1.0 437.93 -1.0 119.91 537.91 986.43 -1.0 898.73 300.25 -1.0 907.18 656.67 173.90 523.24 91.68 -1.0 160.97 618.98 -1.0 996.68 327.93 -1.0 -1.0 366.60 618.34 792.20 518.86 972.86 558.94 841.18 -1.0 516.56 145.79 154.87 -1.0 442.60 312.63 898.34 -1.0 -1.0 690.54 652.55 -1.0 349.07 -1.0 494.22 243.80 -1.0 489.13 45.78 878.73 311.00 -1.0 401.58 767.29 729.44 470.10 989.38 730.47 766.64 590.19 -1.0 267.59 251.30 -1.0 240.49 584.67 555.97 246.68 984.08 -1.0 702.33 311.76 86.50 193.77 374.37 -1.0 944.48 -1.0 705.42 -1.0 -1.0 915.64 496.71 433.37 -1.0 437.88 0.00 370.01 
CLH -1.0 867.36 625.88 -1.0 433.14 93.30 572.91 273.45 309.24 472.52 -1.0 370.73 776.39 -1.0 864.10 501.53 71.51 291.82 714.39 607.97 664.69 567.73 169.72 738.01 117.06 8.36 148.74 -1.0 174.95 880.97 136.05 878.65 873.37 991.34 152.22 548.71 91.17 241.97 615.28 871.75 931.69 296.18 224.86 948.65 18.50 998.33 46.92 496.37 98.83 117.73 68.53 -1.0 986.08 23.35 580.90 142.62 157.32 818.97 65.26 190.82 -1.0 558.21 557.27 -1.0 286.92 -1.0 899.26 992.54 115.95 464.18 973.56 477.42 -1.0 -1.0 184.29 594.71 -1.0 967.24 229.89 949.59 -1.0 877.10 549.61 765.18 -1.0 285.63 526.06 352.52 407.96 829.17 937.37 270.24 433.83 778.27 63.51 682.53 439.55 887.79 254.89 0.00